Upper bound: 50.000

COUNTER = 1
Population: 500 Generations: 60 instr_cr: 0.100 instr_mu: 0.800 delta: 0.125
Upper: 50.0000000 Mid: 25.0000000 Lower: 0.0000000 --- Events: 22
Best profit: 1400.000
Best profit: 1509.291
Best profit: 1453.117
Best profit: 1582.097
Best profit: 1530.341
Trial profit: 1582.097 in 3.999 seconds. Horizon: 25.000 
[1 1 0 0 0 1 1 0 0 1 0 1 1 1 1 0 0 0 1 0 1 0; 1 1 0 0 0 0 1 0 0 0 1 0 1 1 1 0 0 0 1 1 0 1; 2 0 0 2 0 2 0 0 2 2 2 2 2 2 2 0 2 0 2 0 2 0; 0 0 3 3 0 0 3 3 3 0 3 0 0 0 0 3 3 0 0 3 3 3; 0 3 0 3 0 3 0 3 0 3 0 3 3 3 3 3 0 3 0 0 3 3]
[3.26699, 0.270971, 1.00247, 0.105724, 1.63765, 0.291412, 0.860643, 0.834981, 1.2952, 0.287707, 2.34396, 1.89016, 2.37206, 2.74982, 1.18193, 0.851311, 0.0978584, 0.485454, 0.239676, 1.79985, 1.12311, 0.0110513]
1582.0968609506604

COUNTER = 2
Population: 536 Generations: 60 instr_cr: 0.090 instr_mu: 0.720 delta: 0.138
Upper: 50.0000000 Mid: 37.5000000 Lower: 25.0000000 --- Events: 34
Best profit: 2302.794
Trial profit: 2302.794 in 5.177 seconds. Horizon: 37.500 
[0 1 0 1 0 0 0 0 1 1 1 1 1 0 1 1 1 1 0 0 1 0 0 0 0 1 0 0 0 1 0 1 0 0; 0 0 1 0 0 0 0 0 1 0 1 1 0 1 0 1 1 1 0 0 0 1 0 0 0 1 0 0 0 0 1 0 1 0; 0 2 2 2 0 2 2 0 2 2 2 2 2 2 2 2 2 2 0 2 0 0 2 0 0 2 0 2 0 0 2 0 0 2; 3 3 0 3 0 3 0 0 0 3 3 3 3 3 3 3 3 3 3 3 0 3 0 0 0 3 3 0 3 3 3 0 3 3; 0 0 0 0 3 3 0 0 3 3 3 3 3 3 0 0 0 0 0 3 0 3 3 3 0 3 0 3 0 0 3 3 3 3]
[0.0482495, 0.0549874, 0.0275369, 0.285873, 0.426047, 1.22572, 0.701525, 0.585206, 2.65341, 1.898, 2.69802, 1.94597, 1.38999, 1.27798, 3.20737, 2.75749, 4.18663, 0.0491107, 0.660159, 1.27411, 0.199055, 0.93231, 0.431645, 0.82956, 1.14595, 1.0028, 0.652449, 0.334764, 0.675679, 0.687597, 0.670264, 0.702272, 0.650959, 1.23132]
2302.794336678191

Found. Horizon: 37.500
COUNTER = 3
Population: 575 Generations: 60 instr_cr: 0.080 instr_mu: 0.640 delta: 0.150
Upper: 37.5000000 Mid: 31.2500000 Lower: 25.0000000 --- Events: 28
Best profit: 1961.634
Best profit: 1992.313
Best profit: 1834.828
Best profit: 2081.676
Trial profit: 2081.676 in 9.524 seconds. Horizon: 31.250 
[1 0 1 0 1 0 1 0 0 1 0 0 1 0 0 1 0 0 0 1 0 1 0 0 1 0 1 1; 1 0 0 1 0 1 0 1 0 0 0 0 0 1 0 0 1 0 1 0 0 1 0 0 1 0 1 0; 2 0 0 2 2 2 2 2 0 0 0 2 2 0 2 0 2 2 0 2 0 2 0 2 0 2 2 2; 0 0 0 0 0 3 3 3 0 3 3 3 0 3 3 3 3 0 3 0 3 3 0 3 3 3 3 3; 0 0 3 3 0 0 3 3 0 0 3 0 3 3 3 3 3 3 0 3 3 3 0 3 0 3 3 3]
[0.538096, 2.11739, 0.714005, 1.96861, 2.41278, 1.31378, 2.00585, 0.259968, 0.450861, 0.110916, 1.84888, 0.641536, 0.558089, 1.76027, 0.367864, 1.2852, 0.0065532, 0.363647, 1.47203, 1.53775, 1.07464, 0.788236, 1.04195, 0.808409, 0.662151, 1.98267, 2.02353, 1.13432]
2081.6757746543517

Found. Horizon: 31.250
COUNTER = 4
Population: 617 Generations: 61 instr_cr: 0.070 instr_mu: 0.560 delta: 0.163
Upper: 31.2500000 Mid: 28.1250000 Lower: 25.0000000 --- Events: 25
Best profit: 1780.660
Best profit: 1784.277
Best profit: 1798.905
Best profit: 1775.525
Best profit: 1710.407
Trial profit: 1798.905 in 14.883 seconds. Horizon: 28.125 
[0 1 1 0 1 0 1 0 1 1 0 0 0 0 0 1 0 1 0 1 1 1 1 0 1; 1 0 0 0 1 0 1 0 0 0 0 1 1 1 0 0 1 0 1 0 1 0 1 1 1; 0 2 2 0 2 2 0 2 2 2 0 2 2 2 2 2 2 2 2 0 2 2 2 0 2; 0 0 0 0 3 3 3 0 3 3 0 0 3 0 3 3 3 3 3 3 0 3 3 0 3; 3 0 0 3 0 0 0 3 3 3 3 0 0 3 0 3 3 0 3 0 3 3 3 0 3]
[0.00642001, 0.316789, 0.319873, 2.69029, 1.99022, 1.03863, 0.821708, 2.00171, 0.0144487, 0.079074, 0.411988, 0.0147775, 0.0448146, 0.379849, 2.04045, 1.62802, 2.13461, 1.20457, 1.59257, 1.91506, 2.44988, 1.93632, 0.33305, 1.64256, 1.11731]
1798.904970646087

COUNTER = 5
Population: 662 Generations: 61 instr_cr: 0.060 instr_mu: 0.480 delta: 0.175
Upper: 31.2500000 Mid: 29.6875000 Lower: 28.1250000 --- Events: 26
Best profit: 1762.415
Best profit: 1869.847
Best profit: 1900.000
Best profit: 1882.325
Best profit: 1921.082
Trial profit: 1921.082 in 20.891 seconds. Horizon: 29.688 
[0 1 1 1 0 0 0 0 0 1 1 0 1 0 0 1 0 1 0 1 0 1 0 1 1 0; 1 0 1 0 0 0 1 0 1 0 1 0 0 0 1 0 1 0 1 0 1 1 0 1 1 1; 0 2 2 2 0 2 0 0 2 2 2 2 2 0 2 0 2 2 0 2 2 2 0 2 0 2; 3 3 0 3 0 0 3 3 3 3 3 3 3 3 3 3 3 3 3 3 3 3 3 3 3 3; 3 3 3 0 0 3 0 3 0 3 0 3 0 0 3 3 0 3 3 0 0 3 3 3 0 3]
[0.0739895, 2.76201, 2.21805, 0.170738, 0.291729, 0.807306, 0.379724, 0.0558586, 0.735675, 2.60541, 1.54044, 0.337214, 0.935454, 0.588699, 1.32575, 1.12649, 1.96843, 1.31178, 1.36116, 1.61758, 2.04467, 0.530307, 1.91311, 0.604958, 1.34536, 1.03563]
1921.081694319601

COUNTER = 6
Population: 710 Generations: 61 instr_cr: 0.050 instr_mu: 0.400 delta: 0.188
Upper: 31.2500000 Mid: 30.4687500 Lower: 29.6875000 --- Events: 27
Best profit: 1995.278
Best profit: 2004.613
Trial profit: 2004.613 in 23.621 seconds. Horizon: 30.469 
[1 0 0 1 0 1 1 0 1 0 0 1 1 0 0 1 0 0 0 1 0 1 0 1 0 0 0; 1 0 1 0 0 1 0 1 0 0 1 0 0 0 1 0 0 1 0 0 1 1 0 1 0 0 0; 2 0 0 2 2 2 2 2 2 2 0 2 0 0 2 2 0 0 2 0 2 2 0 2 0 2 0; 3 0 0 3 0 3 3 3 3 0 3 0 3 0 3 3 3 3 0 3 3 3 3 3 3 3 3; 3 3 0 3 0 0 0 0 0 0 0 0 3 0 3 3 0 3 0 0 0 0 3 3 3 3 3]
[1.92446, 0.696453, 0.599121, 2.10075, 0.641542, 2.68105, 0.756185, 1.96471, 1.16345, 0.275426, 1.26076, 0.742077, 0.149745, 1.18455, 1.90457, 0.175248, 0.696415, 1.14949, 0.9864, 0.554598, 3.35826, 0.888117, 1.43222, 0.687343, 1.31188, 1.15215, 0.0317829]
2004.6127057762806

Found. Horizon: 30.469
COUNTER = 7
Population: 761 Generations: 61 instr_cr: 0.040 instr_mu: 0.320 delta: 0.200
Upper: 30.4687500 Mid: 30.0781250 Lower: 29.6875000 --- Events: 26
Best profit: 1919.611
Best profit: 1831.464
Best profit: 1930.377
Best profit: 1860.898
Best profit: 1929.304
Trial profit: 1930.377 in 30.428 seconds. Horizon: 30.078 
[1 0 0 1 0 1 1 0 0 1 0 0 0 1 1 0 1 1 1 0 0 1 0 1 0 0; 1 0 1 0 0 1 0 1 0 0 0 1 0 0 1 0 1 0 1 1 0 1 0 0 1 0; 0 0 2 0 2 2 2 2 0 2 0 0 2 2 2 2 2 2 0 2 0 2 0 0 2 2; 0 0 3 3 3 3 3 3 0 3 3 0 3 3 3 3 3 3 3 3 3 3 3 3 3 3; 0 0 0 3 0 0 3 3 0 3 3 3 0 3 3 3 3 0 0 0 3 3 3 0 3 3]
[0.280159, 1.70899, 0.659402, 1.21813, 1.44646, 2.42346, 0.820688, 0.477777, 1.38681, 0.839551, 0.582707, 0.0623998, 1.86564, 2.60294, 1.64319, 1.2207, 2.31583, 1.62508, 0.105495, 1.19488, 1.40639, 1.32728, 0.0894366, 0.648512, 1.30953, 0.816692]
1930.3769827633444

COUNTER = 8
Population: 816 Generations: 62 instr_cr: 0.030 instr_mu: 0.240 delta: 0.213
Upper: 30.4687500 Mid: 30.2734375 Lower: 30.0781250 --- Events: 27
Best profit: 1949.294
Best profit: 1930.348
Best profit: 1941.732
Best profit: 1993.545
Best profit: 2026.016
Trial profit: 2026.016 in 37.973 seconds. Horizon: 30.273 
[1 1 0 1 0 1 0 0 1 0 1 0 0 1 1 1 1 1 1 0 0 1 0 0 0 1 1; 1 1 0 1 0 0 0 1 1 0 0 0 1 0 1 0 1 0 0 0 0 0 1 0 0 1 0; 0 2 2 2 0 2 0 2 2 0 2 0 2 2 2 2 0 0 0 2 0 0 0 0 2 2 2; 0 3 0 0 0 3 3 0 3 3 3 3 3 0 3 3 0 3 3 3 0 0 3 0 3 3 3; 0 3 3 3 3 0 0 0 3 3 3 3 3 0 3 3 0 3 3 3 0 3 0 3 0 3 3]
[2.67082, 1.99677, 1.33881, 1.2856, 1.47807, 0.338625, 0.21919, 2.26448, 1.09345, 1.13551, 0.977855, 0.801853, 0.815966, 2.5112, 2.75397, 0.00803249, 0.0222252, 0.0773381, 1.77218, 0.0236686, 0.796603, 0.129814, 0.0383175, 0.582369, 2.0293, 1.99941, 1.11201]
2026.0158992216498

Found. Horizon: 30.273
COUNTER = 9
Population: 875 Generations: 62 instr_cr: 0.020 instr_mu: 0.160 delta: 0.225
Upper: 30.2734375 Mid: 30.1757813 Lower: 30.0781250 --- Events: 27
Best profit: 2038.200
Trial profit: 2038.200 in 39.642 seconds. Horizon: 30.176 
[1 0 0 1 0 0 1 0 0 1 1 1 0 0 1 0 1 1 0 1 0 1 0 0 1 1 1; 0 1 0 0 1 0 0 0 1 0 1 1 0 0 1 0 1 0 0 1 0 0 0 1 1 0 1; 0 2 0 2 2 0 0 2 0 2 2 2 2 0 2 2 0 2 2 2 2 0 0 2 2 0 2; 0 0 0 3 3 0 3 3 3 3 3 3 3 0 3 3 3 3 3 3 3 0 3 3 3 3 3; 3 0 3 3 3 3 0 0 0 3 0 0 0 0 3 3 0 3 3 3 0 3 0 0 3 3 3]
[0.110206, 0.0891895, 2.36252, 1.3547, 0.914492, 0.44343, 0.452211, 1.50864, 0.843383, 2.49238, 2.65819, 0.44071, 0.956705, 1.24268, 2.645, 0.0, 0.03475, 1.99205, 1.29826, 1.42699, 0.905551, 0.480345, 0.463967, 2.03361, 1.08801, 0.825109, 1.11273]
2038.2001631581934

Found. Horizon: 30.176
COUNTER = 10
Population: 938 Generations: 62 instr_cr: 0.010 instr_mu: 0.080 delta: 0.238
Upper: 30.1757813 Mid: 30.1269531 Lower: 30.0781250 --- Events: 26
Best profit: 2016.236
Trial profit: 2016.236 in 41.351 seconds. Horizon: 30.127 
[1 1 1 1 1 0 1 1 1 0 1 0 0 0 1 0 1 0 0 0 1 0 1 1 1 0; 1 0 0 0 1 0 1 0 1 0 0 1 0 0 0 1 0 0 1 0 0 1 1 1 1 0; 2 2 0 2 2 2 2 2 2 0 2 0 0 0 2 2 2 0 0 2 0 2 2 2 0 2; 3 0 0 0 0 3 3 0 3 0 3 0 3 0 3 3 3 0 3 0 0 0 3 3 3 3; 0 0 0 3 0 0 0 3 0 0 3 3 3 0 3 3 3 3 0 3 0 3 3 3 3 3]
[0.0287388, 0.0588232, 0.0491322, 3.1562, 1.05572, 1.7266, 0.420425, 2.68616, 1.10635, 1.48816, 0.771141, 0.0187746, 0.460353, 1.39552, 1.40359, 1.95468, 0.709248, 0.63714, 0.645607, 1.25202, 0.779791, 2.63663, 2.61718, 0.661167, 1.30283, 1.10498]
2016.2360139451998

Found. Horizon: 30.127
COUNTER = 11
Population: 1006 Generations: 62 instr_cr: 0.100 instr_mu: 0.800 delta: 0.250
Upper: 50.0000000 Mid: 25.0000000 Lower: 0.0000000 --- Events: 22
Best profit: 1613.286
Best profit: 1577.446
Best profit: 1622.359
Best profit: 1623.591
Best profit: 1631.467
Trial profit: 1631.467 in 49.248 seconds. Horizon: 25.000 
[1 0 0 1 0 0 1 0 1 0 0 1 1 1 1 0 0 1 1 0 0 1; 1 0 0 1 0 0 0 1 0 1 0 0 1 0 1 0 0 1 1 0 1 0; 0 2 0 2 2 2 2 2 2 2 0 2 2 2 0 2 0 2 2 0 0 2; 3 0 0 0 0 3 0 3 0 3 3 0 0 0 0 3 0 3 3 0 3 3; 3 3 3 0 0 0 3 0 3 3 3 3 3 3 0 3 0 3 3 0 0 3]
[2.08327, 0.335649, 0.385881, 2.20593, 0.18249, 0.709745, 0.230528, 2.57501, 0.694576, 1.4071, 0.576033, 2.02649, 2.9789, 0.31235, 1.04367, 0.562724, 1.36125, 2.36866, 0.635084, 0.381003, 0.878115, 1.06554]
1631.4668333660197

COUNTER = 12
Population: 1048 Generations: 63 instr_cr: 0.090 instr_mu: 0.720 delta: 0.263
Upper: 50.0000000 Mid: 37.5000000 Lower: 25.0000000 --- Events: 34
Best profit: 2544.243
Trial profit: 2544.243 in 51.829 seconds. Horizon: 37.500 
[1 1 0 1 0 0 0 1 0 1 1 0 1 1 0 1 0 0 1 0 1 0 0 1 0 0 0 1 0 0 1 0 0 1; 0 1 0 1 0 0 0 1 1 0 1 0 1 0 0 1 0 0 1 0 1 0 0 0 0 1 0 0 1 0 1 0 1 0; 0 2 0 2 2 2 0 2 2 2 2 0 2 0 0 2 0 2 0 2 2 0 0 2 0 0 2 0 2 0 2 2 2 2; 3 0 0 3 0 3 0 3 3 3 3 3 3 0 3 3 3 0 3 0 3 3 3 0 3 3 3 3 3 3 3 3 3 3; 3 0 3 0 3 3 0 0 3 0 3 3 0 0 0 0 3 3 3 0 0 3 0 3 0 0 3 3 3 3 3 0 3 3]
[0.047713, 0.196606, 3.06604, 0.474429, 0.343221, 0.415112, 2.09431, 2.62071, 0.373941, 2.96136, 1.11396, 2.16452, 0.482707, 1.42347, 1.42773, 1.35065, 0.718686, 1.33146, 0.77077, 2.23076, 0.87983, 1.09749, 0.468843, 0.854637, 0.0191622, 1.07093, 1.03079, 1.21481, 1.39946, 0.654433, 0.0296119, 2.0172, 0.018845, 1.13578]
2544.2426834773873

Found. Horizon: 37.500
COUNTER = 13
Population: 1091 Generations: 63 instr_cr: 0.080 instr_mu: 0.640 delta: 0.275
Upper: 37.5000000 Mid: 31.2500000 Lower: 25.0000000 --- Events: 28
Best profit: 2065.092
Trial profit: 2065.092 in 54.013 seconds. Horizon: 31.250 
[1 1 0 0 1 1 0 0 1 0 1 0 0 1 0 0 1 1 1 1 0 1 0 0 1 1 1 1; 1 1 0 0 1 0 0 0 0 1 0 1 1 0 0 1 0 1 1 0 0 1 0 0 1 1 1 0; 2 2 2 2 0 2 0 2 2 0 2 0 0 0 2 2 2 2 2 2 0 2 0 2 2 0 2 2; 0 3 3 3 0 0 3 3 0 3 3 0 3 3 0 3 3 3 3 3 3 3 3 3 3 3 3 3; 0 0 0 3 3 3 0 0 3 3 3 3 3 0 3 3 3 3 3 3 3 3 3 3 0 3 3 3]
[2.68488, 1.67758, 0.313524, 0.846699, 0.405618, 0.316503, 0.473116, 2.04947, 0.0936223, 2.58093, 0.543455, 0.0134217, 1.42546, 0.0208241, 2.08399, 0.22514, 3.08732, 2.6952, 2.07023, 1.23212, 0.603018, 1.60914, 0.722346, 0.338635, 1.86863, 0.129687, 0.0244884, 1.11496]
2065.091550178149

Found. Horizon: 31.250
COUNTER = 14
Population: 1136 Generations: 63 instr_cr: 0.070 instr_mu: 0.560 delta: 0.288
Upper: 31.2500000 Mid: 28.1250000 Lower: 25.0000000 --- Events: 25
Best profit: 1862.605
Best profit: 1856.387
Best profit: 1892.253
Best profit: 1799.252
Best profit: 1824.648
Trial profit: 1892.253 in 65.162 seconds. Horizon: 28.125 
[1 1 0 1 1 1 1 0 1 0 0 0 1 0 0 1 0 1 0 0 0 1 1 1 0; 1 0 0 1 0 0 1 0 0 1 0 0 0 1 0 0 1 0 0 0 0 1 0 1 1; 0 0 2 2 2 2 2 2 0 0 2 0 2 0 0 2 2 0 0 0 2 2 2 2 2; 3 0 3 0 0 3 0 3 3 0 0 0 0 3 0 3 3 3 0 3 3 3 3 3 3; 3 0 3 3 0 3 0 3 3 3 3 3 3 0 3 3 3 0 3 0 3 3 3 3 3]
[0.45464, 1.94009, 0.949082, 0.126442, 2.66549, 0.531035, 1.586, 1.38737, 0.358974, 0.23824, 1.79781, 0.330392, 0.978233, 0.407312, 1.30276, 1.84186, 0.897371, 0.304927, 0.304225, 0.236798, 1.82792, 2.67292, 1.91585, 1.96596, 1.10328]
1892.2529189120285

COUNTER = 15
Population: 1183 Generations: 63 instr_cr: 0.060 instr_mu: 0.480 delta: 0.300
Upper: 31.2500000 Mid: 29.6875000 Lower: 28.1250000 --- Events: 26
Best profit: 1986.540
Best profit: 1960.264
Best profit: 1976.079
Best profit: 1932.413
Best profit: 1976.378
Trial profit: 1986.540 in 77.069 seconds. Horizon: 29.688 
[0 1 0 0 1 0 0 1 0 1 0 1 1 0 1 0 0 0 1 0 1 0 1 0 1 1; 1 0 1 0 0 0 0 1 0 1 0 1 0 1 0 1 1 1 0 0 1 0 1 1 0 1; 0 2 0 2 2 0 2 0 2 2 0 2 2 2 2 0 0 2 0 2 0 2 2 0 0 2; 3 0 0 3 0 0 3 3 0 3 0 3 3 3 3 0 3 0 0 3 3 0 3 3 3 3; 0 3 0 0 0 3 3 3 0 0 3 3 3 0 3 3 3 0 0 3 3 3 3 0 3 3]
[0.835508, 2.46711, 0.177508, 0.0316787, 1.30254, 0.698531, 1.11434, 0.0553955, 3.26931, 0.339448, 2.97092, 2.81749, 0.57611, 2.09084, 1.28996, 0.480518, 0.0866734, 0.961052, 1.0314, 1.72036, 0.276391, 2.01435, 0.551729, 1.18545, 0.222161, 1.12072]
1986.5401055995248

COUNTER = 16
Population: 1232 Generations: 64 instr_cr: 0.050 instr_mu: 0.400 delta: 0.313
Upper: 31.2500000 Mid: 30.4687500 Lower: 29.6875000 --- Events: 27
Best profit: 2000.000
Trial profit: 2000.000 in 79.743 seconds. Horizon: 30.469 
[1 0 1 0 1 0 0 1 0 1 1 1 1 0 1 0 0 0 0 1 0 1 0 1 0 0 0; 1 1 1 0 0 1 0 0 1 0 1 1 1 0 0 0 0 1 0 0 0 0 1 1 1 1 0; 0 2 0 0 2 2 2 0 0 2 2 2 2 0 2 0 0 2 2 2 0 2 2 2 0 0 2; 3 0 0 3 0 3 0 0 0 3 3 3 3 3 3 3 0 3 3 0 3 0 3 3 3 3 3; 3 0 3 3 3 0 3 0 3 3 3 3 3 3 3 0 0 3 3 3 3 3 3 3 0 3 3]
[0.0440829, 2.8005, 2.26721, 0.323299, 0.368922, 2.06162, 0.333482, 0.881553, 0.948922, 2.49275, 2.61654, 2.85646, 0.404193, 1.62099, 0.706666, 0.1269, 1.19793, 0.0784365, 0.373044, 1.98066, 0.539588, 0.0853253, 2.24323, 0.590805, 1.21167, 0.199479, 1.1145]
2000.0

Found. Horizon: 30.469
COUNTER = 17
Population: 1283 Generations: 64 instr_cr: 0.040 instr_mu: 0.320 delta: 0.325
Upper: 30.4687500 Mid: 30.0781250 Lower: 29.6875000 --- Events: 26
Best profit: 2000.000
Trial profit: 2000.000 in 82.395 seconds. Horizon: 30.078 
[0 1 0 1 1 0 1 0 0 0 0 1 0 0 1 1 0 0 1 0 1 1 1 1 0 1; 0 1 1 1 1 0 1 0 0 1 0 0 0 0 1 0 0 1 0 1 0 1 0 1 0 0; 2 2 0 0 2 2 0 2 0 0 0 2 2 0 2 2 2 2 2 0 2 2 2 2 0 2; 3 3 0 0 0 0 0 3 0 3 0 3 3 3 0 0 0 0 0 0 3 3 3 0 3 3; 0 0 3 0 3 0 3 0 3 0 0 3 0 3 0 3 3 0 3 3 0 3 3 0 0 3]
[0.0618443, 0.0144087, 2.62793, 2.75848, 2.15662, 1.09132, 1.04458, 0.888771, 0.507667, 0.169635, 0.451825, 0.270299, 1.24898, 1.13439, 2.51424, 0.320263, 0.37307, 2.0232, 1.93596, 0.689549, 2.65648, 2.00691, 0.00479668, 0.171318, 1.84162, 1.11396]
2000.0

Found. Horizon: 30.078
COUNTER = 18
Population: 1336 Generations: 64 instr_cr: 0.030 instr_mu: 0.240 delta: 0.338
Upper: 30.0781250 Mid: 29.8828125 Lower: 29.6875000 --- Events: 26
Best profit: 1952.804
Best profit: 1948.996
Best profit: 1940.424
Best profit: 2000.188
Trial profit: 2000.188 in 93.933 seconds. Horizon: 29.883 
[1 0 0 1 0 0 1 1 0 0 1 1 0 1 0 0 1 0 1 0 1 0 1 0 1 1; 1 0 0 1 0 0 1 0 1 0 0 1 0 1 0 0 1 0 0 1 0 0 1 0 1 0; 0 2 2 0 2 2 2 2 0 2 2 2 2 0 0 2 2 0 2 2 2 0 2 0 2 2; 0 0 0 3 3 3 3 3 0 3 3 3 3 0 3 3 3 3 3 3 3 3 0 0 3 3; 3 3 3 3 3 0 3 0 0 3 3 3 0 0 3 0 3 3 3 3 3 0 3 3 3 3]
[1.76032, 0.804115, 0.310799, 0.605742, 1.70797, 0.78817, 2.74122, 0.578947, 1.30035, 1.66362, 0.326085, 2.34344, 0.442409, 0.626382, 0.533245, 2.03096, 1.93058, 0.0519169, 1.37149, 1.35561, 0.11557, 1.94964, 0.133875, 1.91178, 1.57809, 0.920488]
2000.1883804324298

Found. Horizon: 29.883
COUNTER = 19
Population: 1391 Generations: 64 instr_cr: 0.020 instr_mu: 0.160 delta: 0.350
Upper: 29.8828125 Mid: 29.7851563 Lower: 29.6875000 --- Events: 26
Best profit: 1958.831
Best profit: 1858.925
Best profit: 1981.782
Best profit: 1974.223
Best profit: 1987.441
Trial profit: 1987.441 in 108.028 seconds. Horizon: 29.785 
[1 1 1 1 1 0 1 0 1 0 0 1 0 1 0 1 0 1 0 0 0 1 1 0 0 1; 1 0 1 0 1 0 1 0 1 0 0 1 0 1 0 1 0 0 1 0 0 1 1 0 1 1; 2 2 2 2 0 2 2 2 2 0 2 0 2 2 0 2 0 2 2 0 0 2 2 2 2 2; 0 3 0 3 3 3 3 3 3 0 3 3 0 3 0 3 3 3 3 3 3 3 3 0 0 3; 0 3 0 3 0 3 0 3 3 0 0 0 3 3 3 0 0 3 3 3 3 3 3 0 0 3]
[2.74312, 0.606188, 2.80923, 0.531477, 1.4208, 1.90741, 1.74809, 1.55766, 0.455473, 1.51097, 0.911975, 0.365744, 2.27437, 0.95208, 1.69093, 0.999564, 1.67213, 0.311084, 1.33765, 0.190709, 0.701655, 1.94994, 0.254389, 0.345955, 0.510998, 0.0255455]
1987.4409872523133

COUNTER = 20
Population: 1448 Generations: 65 instr_cr: 0.010 instr_mu: 0.080 delta: 0.363
Upper: 29.8828125 Mid: 29.8339844 Lower: 29.7851563 --- Events: 26
Best profit: 2031.321
Trial profit: 2031.321 in 111.227 seconds. Horizon: 29.834 
[1 0 1 1 0 0 1 0 1 0 1 0 0 1 0 0 1 0 0 1 1 0 0 1 1 1; 1 0 1 0 1 0 0 0 1 0 0 1 0 0 0 1 0 0 0 1 1 0 0 1 1 1; 2 0 2 2 2 0 0 2 0 2 0 2 0 2 0 0 2 0 0 2 2 0 0 2 2 2; 3 3 3 0 3 0 3 3 3 3 3 3 0 3 3 3 0 3 0 3 3 3 0 3 3 3; 0 3 0 3 3 3 3 0 3 3 3 0 0 0 3 0 3 3 3 0 0 0 3 3 3 3]
[0.32678, 2.87606, 2.53519, 1.33497, 0.522619, 0.720268, 1.09466, 1.05419, 0.877661, 1.79054, 0.633575, 0.556361, 1.4777, 0.484839, 0.806347, 0.719076, 0.922439, 0.277493, 1.41339, 2.46223, 0.305877, 0.221622, 2.03551, 2.00321, 1.49477, 0.886592]
2031.3213202963136

Found. Horizon: 29.834
COUNTER = 21
Population: 1508 Generations: 65 instr_cr: 0.100 instr_mu: 0.800 delta: 0.375
Upper: 50.0000000 Mid: 25.0000000 Lower: 0.0000000 --- Events: 22
Best profit: 1619.692
Best profit: 1675.612
Best profit: 1622.658
Best profit: 1661.829
Best profit: 1574.935
Trial profit: 1675.612 in 124.542 seconds. Horizon: 25.000 
[0 1 1 0 1 0 1 0 0 1 1 0 1 0 0 1 0 0 1 1 0 1; 1 0 1 0 0 1 0 0 1 0 1 0 0 1 0 1 0 0 1 0 1 0; 2 2 2 2 0 2 0 2 0 2 2 0 2 0 2 0 0 2 2 0 2 0; 3 0 3 3 3 3 3 3 0 3 3 3 3 3 3 3 3 3 3 3 3 3; 3 0 3 0 3 0 0 0 3 3 0 3 3 0 3 3 3 0 3 3 3 3]
[0.590167, 2.73672, 1.68466, 0.327004, 1.33258, 1.34254, 1.25447, 0.735907, 0.758141, 2.64245, 0.759325, 1.98744, 0.287992, 1.70639, 1.1147, 0.417012, 0.12043, 2.04842, 1.73729, 0.276417, 1.1367, 0.00323959]
1675.612031686865

COUNTER = 22
Population: 1552 Generations: 65 instr_cr: 0.090 instr_mu: 0.720 delta: 0.388
Upper: 50.0000000 Mid: 37.5000000 Lower: 25.0000000 --- Events: 34
Best profit: 2539.258
Trial profit: 2539.258 in 128.941 seconds. Horizon: 37.500 
[1 1 1 0 1 0 0 0 1 0 0 0 1 0 0 0 0 1 0 1 1 0 0 1 0 0 1 0 0 1 1 1 1 1; 1 1 1 0 0 0 1 0 0 1 0 0 0 0 1 0 0 0 0 1 0 1 0 1 0 0 1 0 0 1 0 1 1 1; 0 2 2 0 2 0 2 2 0 2 0 0 0 2 0 0 0 2 0 2 2 0 2 2 0 0 2 2 0 2 2 2 0 2; 3 3 3 3 0 0 3 3 3 3 3 3 3 3 0 3 3 3 3 3 3 0 3 3 3 3 3 3 3 0 3 3 3 3; 0 3 3 3 0 3 0 3 3 3 3 3 0 0 3 0 3 3 3 3 3 0 3 3 3 0 3 3 3 3 3 3 3 3]
[2.99074, 2.88836, 1.27727, 1.49614, 0.0513983, 0.197926, 1.9969, 0.582211, 0.708968, 0.78338, 0.569734, 0.626196, 0.448745, 0.220086, 1.07395, 0.0643991, 0.84921, 0.0704781, 1.49525, 2.68455, 0.609897, 1.4152, 1.91959, 1.17874, 0.125626, 1.49978, 0.398169, 1.9512, 0.51398, 2.12327, 1.71137, 1.45033, 0.451808, 1.07514]
2539.2575575128367

Found. Horizon: 37.500
COUNTER = 23
Population: 1597 Generations: 65 instr_cr: 0.080 instr_mu: 0.640 delta: 0.400
Upper: 37.5000000 Mid: 31.2500000 Lower: 25.0000000 --- Events: 28
Best profit: 2079.411
Trial profit: 2079.411 in 132.247 seconds. Horizon: 31.250 
[1 1 1 0 1 0 1 1 0 0 1 0 1 1 0 0 1 1 0 0 1 0 0 0 1 0 0 0; 1 0 1 0 1 0 1 1 0 0 1 0 1 0 0 1 0 0 0 0 0 1 0 0 1 0 1 1; 0 2 2 0 2 2 2 2 2 0 2 2 2 2 0 2 0 0 2 0 0 2 0 0 2 0 0 2; 3 0 0 0 3 3 3 3 3 3 3 3 3 3 3 3 0 0 3 3 3 3 3 0 3 3 0 3; 0 3 3 3 3 3 0 0 0 0 0 0 3 3 0 3 0 3 3 0 0 3 0 3 3 3 3 3]
[0.194029, 3.08046, 1.56103, 1.68697, 1.39795, 1.93508, 3.04128, 1.50054, 0.748416, 1.0709, 2.35579, 0.716591, 2.21454, 0.609691, 1.30955, 0.552445, 0.0138742, 0.758061, 1.56638, 0.0519945, 0.228459, 0.874533, 0.0778794, 1.0804, 1.57406, 0.0259914, 0.0622172, 0.960888]
2079.411415274453

Found. Horizon: 31.250
COUNTER = 24
Population: 1643 Generations: 66 instr_cr: 0.070 instr_mu: 0.560 delta: 0.413
Upper: 31.2500000 Mid: 28.1250000 Lower: 25.0000000 --- Events: 25
Best profit: 1912.397
Best profit: 1849.911
Best profit: 1861.327
Best profit: 1909.890
Best profit: 1800.000
Trial profit: 1912.397 in 149.001 seconds. Horizon: 28.125 
[0 1 0 1 0 1 0 1 0 1 0 0 0 1 0 1 0 0 1 0 1 0 1 1 1; 1 0 0 1 0 1 0 1 0 0 0 1 0 0 1 0 0 0 1 0 0 1 0 1 0; 0 0 2 2 2 2 2 0 2 2 0 0 2 2 2 0 2 0 2 0 2 0 2 2 2; 3 0 3 3 3 3 3 3 0 3 0 3 3 0 3 3 3 0 3 3 3 3 3 3 3; 0 3 3 3 3 0 0 3 3 3 0 3 0 0 0 0 3 0 3 3 3 0 3 3 3]
[0.185921, 1.43019, 1.28743, 1.47573, 1.52031, 2.56459, 0.2414, 0.283612, 2.0862, 0.756536, 0.257759, 1.44255, 0.193987, 1.77983, 0.88538, 0.533763, 0.13559, 1.91501, 0.49064, 1.90235, 0.981992, 0.937502, 1.97192, 1.82888, 1.03592]
1912.3967103076686

COUNTER = 25
Population: 1691 Generations: 66 instr_cr: 0.060 instr_mu: 0.480 delta: 0.425
Upper: 31.2500000 Mid: 29.6875000 Lower: 28.1250000 --- Events: 26
Best profit: 2001.575
Trial profit: 2001.575 in 152.781 seconds. Horizon: 29.688 
[1 1 0 1 0 0 1 0 1 1 0 1 1 1 0 1 0 0 1 1 1 0 0 1 1 0; 1 0 1 0 1 0 0 1 0 1 0 0 1 0 0 1 0 0 1 0 1 0 0 1 1 1; 2 2 2 2 0 2 0 2 0 2 0 2 0 0 2 2 0 0 2 2 2 0 0 2 0 2; 3 3 3 0 0 0 3 0 0 3 3 3 0 3 3 3 3 3 3 3 3 3 3 3 0 3; 0 0 3 3 0 3 0 3 0 3 3 0 0 0 3 3 3 0 3 3 0 3 0 3 3 3]
[2.6592, 0.129103, 2.54507, 0.774102, 0.677504, 0.962759, 1.70176, 0.708667, 2.59038, 0.852397, 1.81659, 0.445948, 0.410214, 1.08394, 1.79376, 1.45911, 0.232096, 0.967625, 1.60233, 1.89624, 1.50378, 0.228583, 0.261496, 0.201981, 1.29536, 0.887516]
2001.575479627713

Found. Horizon: 29.688
COUNTER = 26
Population: 1740 Generations: 66 instr_cr: 0.050 instr_mu: 0.400 delta: 0.438
Upper: 29.6875000 Mid: 28.9062500 Lower: 28.1250000 --- Events: 25
Best profit: 1935.607
Best profit: 1891.361
Best profit: 1932.740
Best profit: 1900.000
Best profit: 1800.000
Trial profit: 1935.607 in 170.108 seconds. Horizon: 28.906 
[1 1 1 1 1 0 0 0 1 0 1 1 0 0 1 1 0 1 0 0 1 0 0 1 1; 1 1 0 1 1 0 0 0 1 0 1 0 0 0 0 1 0 0 1 0 0 1 0 1 0; 0 2 0 2 2 2 2 0 2 0 2 0 0 2 2 0 2 0 2 0 2 2 0 2 2; 3 0 3 3 3 0 0 3 3 0 3 0 3 3 0 3 3 3 0 3 3 3 3 3 3; 3 0 3 0 3 0 0 3 0 0 0 0 0 0 3 3 3 3 0 3 0 3 3 3 3]
[2.83785, 0.0078013, 2.8536, 2.81275, 0.069115, 0.17109, 0.988366, 1.70838, 0.72837, 1.98405, 0.182284, 1.55204, 1.01493, 0.107188, 0.234271, 1.45424, 1.25054, 0.542543, 1.29109, 0.796103, 1.24741, 1.04408, 0.968207, 1.96544, 1.09452]
1935.606482171034

COUNTER = 27
Population: 1790 Generations: 66 instr_cr: 0.040 instr_mu: 0.320 delta: 0.450
Upper: 29.6875000 Mid: 29.2968750 Lower: 28.9062500 --- Events: 26
Best profit: 1710.257
Best profit: 1939.045
Best profit: 1968.262
Best profit: 1963.226
Best profit: 1957.813
Trial profit: 1968.262 in 189.063 seconds. Horizon: 29.297 
[1 1 1 0 0 0 1 0 0 0 1 1 0 1 0 1 1 0 0 1 0 1 0 1 1 0; 1 0 1 0 0 0 1 0 0 0 1 0 0 1 0 0 1 0 0 0 1 0 1 0 1 1; 0 2 0 0 2 0 2 0 0 2 0 2 2 2 0 2 0 0 2 0 2 2 2 2 2 2; 3 0 3 3 0 0 3 0 3 0 3 0 3 3 3 3 0 3 3 3 3 3 0 3 3 3; 3 3 3 3 0 0 3 3 3 0 0 0 0 0 3 0 3 0 3 3 0 3 0 3 3 3]
[2.78691, 0.452596, 0.0816252, 1.11371, 0.456624, 1.66013, 0.692968, 1.29736, 0.343279, 0.904282, 0.279193, 0.93914, 2.05959, 1.611, 1.05873, 0.653029, 0.349908, 0.90181, 1.48307, 0.491342, 2.25465, 0.620251, 2.03567, 1.77778, 1.91722, 1.075]
1968.2616464363912

COUNTER = 28
Population: 1842 Generations: 67 instr_cr: 0.030 instr_mu: 0.240 delta: 0.463
Upper: 29.6875000 Mid: 29.4921875 Lower: 29.2968750 --- Events: 26
Best profit: 1959.378
Best profit: 1971.349
Best profit: 1941.916
Best profit: 1895.637
Best profit: 1975.297
Trial profit: 1975.297 in 207.496 seconds. Horizon: 29.492 
[0 1 0 1 1 0 1 1 1 0 0 1 0 0 0 1 0 1 0 1 1 1 0 1 0 0; 1 0 0 1 0 1 0 1 0 1 0 0 0 1 0 0 1 0 0 1 0 1 1 0 1 0; 0 0 2 2 2 2 2 2 2 0 2 2 0 0 0 2 2 2 2 2 2 2 0 0 2 0; 3 0 3 0 0 0 0 0 0 3 3 3 3 0 0 3 3 3 3 3 3 3 0 3 0 3; 3 0 3 0 0 3 3 3 3 3 0 3 0 3 3 3 3 3 3 0 3 0 0 3 0 3]
[0.00478463, 0.779534, 2.27619, 2.46674, 1.07737, 1.68357, 2.35628, 3.00049, 0.317527, 0.435916, 1.91656, 0.13628, 0.767145, 0.074858, 1.12126, 1.9892, 1.31961, 1.98526, 0.0312198, 2.60398, 0.049906, 0.64989, 0.668438, 0.654869, 0.0261213, 1.09916]
1975.2966847920204

COUNTER = 29
Population: 1895 Generations: 67 instr_cr: 0.020 instr_mu: 0.160 delta: 0.475
Upper: 29.6875000 Mid: 29.5898438 Lower: 29.4921875 --- Events: 26
Best profit: 1981.948
Best profit: 1979.571
Best profit: 1992.694
Best profit: 1945.641
Best profit: 2020.610
Trial profit: 2020.610 in 226.749 seconds. Horizon: 29.590 
[1 1 0 1 0 1 0 0 1 0 1 0 0 1 0 0 1 0 0 1 0 1 1 0 1 1; 1 0 0 0 1 1 0 0 0 1 0 0 1 0 0 1 0 0 0 1 0 1 1 0 1 0; 0 2 0 2 2 2 0 2 2 0 2 2 0 2 2 0 0 0 2 2 2 2 2 2 2 2; 3 3 0 3 0 3 3 0 3 3 3 3 0 3 3 3 0 3 0 3 3 3 3 3 0 3; 0 0 3 3 0 0 0 0 0 3 3 3 3 3 3 3 3 3 3 3 3 3 3 3 3 3]
[0.0169496, 0.343888, 2.32003, 0.514172, 3.00302, 0.696343, 1.12048, 0.834964, 0.682392, 1.75601, 0.282046, 1.29296, 1.0981, 1.99145, 0.248451, 0.564129, 0.414823, 0.205058, 2.04634, 2.27173, 0.12777, 2.38864, 2.19492, 0.231582, 1.87185, 1.07173]
2020.610208179782

Found. Horizon: 29.590
COUNTER = 30
Population: 1950 Generations: 67 instr_cr: 0.010 instr_mu: 0.080 delta: 0.488
Upper: 29.5898438 Mid: 29.5410156 Lower: 29.4921875 --- Events: 26
Best profit: 1976.269
Best profit: 1962.773
Best profit: 1921.588
Best profit: 1979.540
Best profit: 1979.720
Trial profit: 1979.720 in 246.785 seconds. Horizon: 29.541 
[1 1 0 0 0 1 0 0 0 1 0 1 1 1 0 1 0 1 0 1 0 0 0 1 1 1; 1 1 0 1 0 0 0 0 1 0 0 1 1 0 1 0 1 0 1 0 0 0 0 1 0 1; 0 2 0 0 2 2 0 0 2 0 2 2 2 2 0 2 0 2 0 2 0 0 0 2 0 2; 0 0 0 3 3 3 0 3 0 3 3 3 3 3 3 3 3 0 0 3 0 3 3 3 3 3; 0 0 0 0 3 3 3 3 0 0 3 3 0 0 3 3 3 0 3 0 3 0 0 3 3 3]
[3.17827, 1.24975, 0.700765, 0.679891, 0.130774, 0.0924546, 1.54473, 0.81562, 0.24914, 1.4924, 1.42215, 3.25032, 2.66866, 0.221166, 2.17905, 1.17568, 1.02181, 1.86359, 0.613706, 0.520406, 0.467835, 0.102144, 0.972652, 1.5535, 0.315295, 1.05927]
1979.7196128312887

COUNTER = 31
Population: 2006 Generations: 67 instr_cr: 0.100 instr_mu: 0.800 delta: 0.500
Upper: 50.0000000 Mid: 25.0000000 Lower: 0.0000000 --- Events: 22
Best profit: 1617.621
Best profit: 1645.223
Best profit: 1600.000
Best profit: 1584.760
Best profit: 1631.510
Trial profit: 1645.223 in 263.486 seconds. Horizon: 25.000 
[1 0 0 1 0 0 1 0 0 1 0 0 1 0 1 0 0 1 0 1 1 1; 1 0 0 0 1 0 0 0 1 0 1 0 1 0 0 1 0 1 0 1 1 0; 2 2 0 0 2 0 2 2 0 2 0 2 0 2 0 2 0 2 0 2 2 2; 0 0 0 0 0 0 0 0 3 3 3 3 0 3 3 0 3 0 3 3 3 3; 0 3 3 3 0 3 3 3 0 3 0 3 3 0 0 0 3 3 0 3 3 3]
[0.876821, 0.850587, 0.942052, 0.660107, 0.962098, 1.48227, 0.590817, 0.292828, 2.79097, 0.537235, 1.57262, 0.969201, 1.29433, 1.3759, 0.605626, 0.917261, 1.14376, 0.726759, 1.94079, 2.03548, 1.53085, 0.901645]
1645.2227027727092

COUNTER = 32
Population: 2051 Generations: 68 instr_cr: 0.090 instr_mu: 0.720 delta: 0.513
Upper: 50.0000000 Mid: 37.5000000 Lower: 25.0000000 --- Events: 34
Best profit: 2573.144
Trial profit: 2573.144 in 269.054 seconds. Horizon: 37.500 
[1 1 0 1 0 0 1 0 0 1 0 1 0 1 0 1 0 1 0 1 0 1 0 0 1 0 1 0 1 0 0 1 0 1; 1 0 0 0 1 0 1 0 0 0 1 0 0 1 0 0 1 0 1 0 1 0 0 0 1 1 0 1 0 0 1 1 0 0; 0 2 2 0 2 0 2 0 0 2 2 2 2 2 2 0 2 2 0 2 0 2 0 2 2 2 2 0 2 0 2 2 0 2; 0 0 0 3 3 0 3 3 0 0 0 0 3 3 3 0 0 3 3 0 0 0 0 0 0 0 0 3 0 0 3 3 3 3; 0 3 0 0 0 0 3 3 3 3 3 3 0 3 3 3 3 3 0 3 3 3 0 0 3 3 3 3 0 0 3 3 3 3]
[0.0724748, 0.0889195, 2.61575, 0.431777, 1.6981, 0.631783, 1.1798, 0.125693, 1.38581, 0.705603, 1.91061, 0.30035, 2.10881, 2.32873, 0.331313, 0.680022, 1.99835, 0.885845, 1.79616, 1.65487, 0.962859, 0.290816, 0.175989, 2.13209, 0.295617, 2.27077, 1.21719, 0.934719, 0.157258, 1.84469, 1.20479, 0.0819829, 1.88693, 1.11354]
2573.144277482429

Found. Horizon: 37.500
COUNTER = 33
Population: 2097 Generations: 68 instr_cr: 0.080 instr_mu: 0.640 delta: 0.525
Upper: 37.5000000 Mid: 31.2500000 Lower: 25.0000000 --- Events: 28
Best profit: 2045.771
Trial profit: 2045.771 in 273.770 seconds. Horizon: 31.250 
[1 1 0 0 1 0 0 1 0 0 1 1 0 0 1 1 0 0 1 1 0 0 1 0 0 0 1 1; 1 0 0 1 0 0 1 0 0 1 0 1 0 0 1 0 0 1 0 0 1 1 0 0 1 0 1 1; 2 2 0 2 0 2 2 2 0 2 0 2 0 2 0 2 0 2 2 2 2 0 2 2 0 2 2 2; 3 3 3 3 3 0 3 0 3 3 3 3 0 3 3 3 0 3 0 3 3 3 3 3 0 3 3 3; 0 3 0 3 0 0 3 0 3 0 3 3 3 0 3 0 3 3 3 0 0 0 0 3 3 3 3 3]
[2.66689, 0.0636544, 1.43811, 1.19708, 0.21591, 1.93042, 0.694292, 1.72165, 0.920211, 0.340451, 2.99553, 1.05528, 0.423576, 1.89082, 0.132835, 0.601863, 1.97033, 0.918916, 2.06747, 0.363143, 1.31769, 0.850177, 2.02321, 0.208313, 0.073205, 0.0205459, 2.03037, 1.11805]
2045.770918477207

Found. Horizon: 31.250
COUNTER = 34
Population: 2144 Generations: 68 instr_cr: 0.070 instr_mu: 0.560 delta: 0.538
Upper: 31.2500000 Mid: 28.1250000 Lower: 25.0000000 --- Events: 25
Best profit: 1858.318
Best profit: 1865.893
Best profit: 1869.339
Best profit: 1800.000
Best profit: 1828.382
Trial profit: 1869.339 in 294.442 seconds. Horizon: 28.125 
[1 1 0 1 1 1 0 0 0 0 1 0 1 0 0 0 1 0 0 1 0 1 0 0 0; 1 1 0 1 1 0 0 0 1 0 0 0 1 0 0 0 1 0 0 1 0 0 1 0 0; 0 2 2 2 2 2 0 0 0 2 2 0 2 2 0 0 2 0 2 0 2 2 2 2 0; 3 3 0 3 3 3 3 3 3 3 0 0 3 0 3 0 3 3 3 3 0 3 0 3 3; 0 3 3 0 0 0 0 3 0 3 0 0 3 0 3 0 3 0 3 3 3 3 3 3 3]
[3.07299, 0.35242, 2.96538, 3.2867, 2.36208, 0.173909, 0.75517, 0.349752, 0.791385, 0.514306, 0.587074, 1.54587, 0.278861, 0.543305, 0.415599, 1.61263, 0.818707, 0.79657, 1.2213, 0.516318, 2.05609, 0.00237582, 1.99489, 0.002895, 1.10842]
1869.3394456800597

COUNTER = 35
Population: 2192 Generations: 68 instr_cr: 0.060 instr_mu: 0.480 delta: 0.550
Upper: 31.2500000 Mid: 29.6875000 Lower: 28.1250000 --- Events: 26
Best profit: 1977.924
Best profit: 1918.328
Best profit: 1990.103
Best profit: 1984.427
Best profit: 1997.600
Trial profit: 1997.600 in 317.903 seconds. Horizon: 29.688 
[0 1 0 1 0 1 0 0 0 1 1 0 1 0 0 1 0 1 1 0 1 0 1 1 1 0; 1 0 0 1 0 1 0 0 0 0 1 0 0 1 0 1 0 0 1 0 0 1 0 1 0 0; 2 0 0 2 2 0 0 2 0 2 2 2 0 2 2 2 2 0 2 2 0 2 2 2 0 2; 3 0 0 3 0 0 3 3 3 0 0 0 3 3 3 3 3 3 0 3 3 0 3 3 3 3; 0 0 3 0 3 0 3 3 3 3 0 3 3 0 3 3 0 3 3 3 3 3 3 3 3 3]
[0.172852, 0.311913, 2.84665, 2.64332, 0.651466, 0.110953, 0.957769, 1.04645, 1.05385, 0.107866, 2.02856, 0.671063, 0.632513, 1.59419, 1.72302, 2.2087, 0.645378, 0.0588053, 1.82718, 0.862084, 0.64961, 2.01898, 1.83906, 0.502414, 1.43759, 1.08526]
1997.599547574535

COUNTER = 36
Population: 2241 Generations: 69 instr_cr: 0.050 instr_mu: 0.400 delta: 0.563
Upper: 31.2500000 Mid: 30.4687500 Lower: 29.6875000 --- Events: 27
Best profit: 2050.457
Trial profit: 2050.457 in 322.912 seconds. Horizon: 30.469 
[0 1 1 0 1 1 0 1 1 1 0 0 1 0 0 0 1 0 1 0 0 1 1 0 1 1 0; 1 0 1 0 0 1 0 1 0 1 0 0 0 1 0 0 0 1 0 1 0 0 1 0 1 0 0; 0 0 2 0 2 0 2 0 2 2 0 2 0 2 0 2 0 2 2 2 0 2 2 2 2 0 2; 3 0 0 3 0 0 0 3 3 3 3 3 3 3 0 3 3 0 3 3 3 3 3 3 3 3 3; 3 0 3 3 0 0 0 0 3 3 0 3 3 3 3 0 3 3 3 0 3 3 3 0 3 3 3]
[0.269251, 3.00198, 0.482073, 2.47218, 0.18511, 1.45447, 1.28245, 0.510816, 2.82145, 0.145049, 1.95991, 0.636442, 0.591279, 0.383547, 0.944412, 1.63889, 0.33205, 2.34705, 0.624302, 0.648521, 1.37036, 1.74363, 2.0024, 0.0992108, 1.36856, 0.214458, 0.938889]
2050.456798470421

Found. Horizon: 30.469
COUNTER = 37
Population: 2291 Generations: 69 instr_cr: 0.040 instr_mu: 0.320 delta: 0.575
Upper: 30.4687500 Mid: 30.0781250 Lower: 29.6875000 --- Events: 26
Best profit: 1991.329
Best profit: 1999.015
Best profit: 2016.697
Trial profit: 2016.697 in 337.780 seconds. Horizon: 30.078 
[0 0 1 1 1 1 0 1 1 0 0 1 1 0 1 0 1 0 0 0 1 0 1 1 0 0; 1 0 0 1 1 1 0 1 0 1 0 0 1 0 0 1 1 0 0 0 1 0 0 1 1 0; 0 2 0 2 2 2 2 2 2 2 0 2 0 2 0 2 2 0 0 2 0 2 0 2 0 2; 3 3 0 0 0 0 3 0 3 3 0 3 3 3 3 3 3 3 3 3 3 0 3 3 0 3; 3 0 3 0 0 0 0 3 3 0 3 3 3 3 3 0 3 3 0 0 3 3 3 3 0 3]
[0.0473261, 0.357031, 2.77479, 2.7446, 3.22841, 2.13887, 1.20003, 3.10476, 0.173044, 0.0981811, 2.4525, 0.76857, 1.23585, 1.51509, 0.471513, 2.19153, 1.42856, 0.402373, 0.600808, 0.117662, 0.00746991, 0.936667, 0.995135, 0.927164, 0.15174, 0.00845779]
2016.697295108631

Found. Horizon: 30.078
COUNTER = 38
Population: 2342 Generations: 69 instr_cr: 0.030 instr_mu: 0.240 delta: 0.588
Upper: 30.0781250 Mid: 29.8828125 Lower: 29.6875000 --- Events: 26
Best profit: 1941.369
Best profit: 2000.000
Trial profit: 2000.000 in 348.329 seconds. Horizon: 29.883 
[1 0 0 1 0 0 1 0 0 1 0 1 0 1 1 0 1 0 1 0 1 0 1 1 0 1; 0 1 0 1 0 1 0 0 0 1 0 1 0 1 0 1 0 1 0 0 1 0 1 0 1 0; 2 0 0 0 0 0 0 2 2 0 2 0 2 2 2 2 2 0 2 0 2 0 2 0 0 2; 0 3 0 0 3 3 0 3 0 0 3 3 3 3 3 0 3 3 3 3 3 3 3 3 0 3; 3 0 3 3 0 0 3 0 0 3 3 3 0 3 3 3 3 3 3 3 3 3 3 3 0 3]
[0.0857963, 0.339675, 2.55979, 0.697843, 1.83979, 0.188507, 0.376717, 2.00324, 0.401937, 1.75821, 0.97809, 1.21816, 2.09298, 2.67299, 0.422958, 2.09758, 1.26391, 0.794731, 1.07002, 1.17861, 1.47243, 1.17696, 1.04196, 0.218614, 0.804815, 1.1265]
2000.0000000000005

Found. Horizon: 29.883
COUNTER = 39
Population: 2395 Generations: 69 instr_cr: 0.020 instr_mu: 0.160 delta: 0.600
Upper: 29.8828125 Mid: 29.7851563 Lower: 29.6875000 --- Events: 26
Best profit: 1986.221
Best profit: 1943.524
Best profit: 2046.626
Trial profit: 2046.626 in 363.986 seconds. Horizon: 29.785 
[0 1 0 0 1 0 0 1 0 1 0 1 0 1 0 1 0 0 1 0 1 1 0 1 1 0; 1 0 0 0 1 0 0 0 1 0 1 0 0 1 0 0 0 1 0 1 0 1 0 1 1 1; 2 2 2 0 2 2 2 2 0 2 2 2 2 2 2 0 0 2 2 0 2 2 0 2 2 2; 3 0 3 3 3 0 3 0 3 3 3 0 0 3 3 3 0 3 3 3 3 3 3 3 3 3; 3 3 0 0 3 3 0 0 3 3 0 0 0 0 0 3 3 3 3 3 0 0 0 3 3 3]
[0.0653356, 1.13073, 1.425, 0.190669, 0.50707, 0.254253, 1.9419, 0.622898, 1.11169, 2.22334, 0.592155, 0.104735, 2.6279, 1.58051, 1.08599, 0.327222, 0.474605, 1.76355, 1.41271, 0.763688, 2.47907, 1.53435, 0.980747, 2.04395, 1.61972, 0.921371]
2046.6263764426208

Found. Horizon: 29.785
COUNTER = 40
Population: 2449 Generations: 70 instr_cr: 0.010 instr_mu: 0.080 delta: 0.612
Upper: 29.7851563 Mid: 29.7363281 Lower: 29.6875000 --- Events: 26
Best profit: 1942.458
Best profit: 2027.207
Trial profit: 2027.207 in 375.211 seconds. Horizon: 29.736 
[1 0 1 0 0 1 0 0 1 0 0 0 0 0 1 1 1 0 1 1 0 1 0 0 1 1; 1 0 0 1 0 0 0 1 0 0 0 0 1 0 0 1 0 0 1 0 1 0 1 0 1 1; 2 0 0 2 0 0 2 2 0 0 2 0 0 0 2 2 2 0 2 2 2 2 2 0 2 2; 3 3 0 0 3 3 0 3 3 0 3 0 0 3 0 3 3 3 3 3 3 3 3 3 3 3; 0 0 0 0 3 0 0 3 3 3 3 3 0 3 0 3 3 3 0 0 0 3 3 3 3 3]
[2.00153, 0.650918, 0.875544, 1.11315, 0.694372, 0.303963, 1.22335, 1.26687, 0.223578, 0.882916, 0.125867, 0.8531, 0.109088, 0.53555, 2.68829, 2.10035, 1.22067, 1.09514, 2.61298, 0.721588, 1.94586, 1.5439, 0.766836, 1.24809, 1.86597, 1.06686]
2027.2074729979643

Found. Horizon: 29.736
COUNTER = 41
Population: 2504 Generations: 70 instr_cr: 0.100 instr_mu: 0.800 delta: 0.625
Upper: 50.0000000 Mid: 25.0000000 Lower: 0.0000000 --- Events: 22
Best profit: 1642.080
Best profit: 1584.674
Best profit: 1617.317
Best profit: 1639.140
Best profit: 1657.841
Trial profit: 1657.841 in 398.544 seconds. Horizon: 25.000 
[1 1 0 1 0 0 1 0 0 1 1 1 1 0 1 0 1 0 0 1 1 0; 1 1 0 0 1 0 0 0 1 0 0 1 0 0 1 0 0 1 0 1 0 0; 2 2 0 2 0 2 2 0 2 2 2 0 0 2 0 2 2 2 0 2 0 2; 3 3 0 3 3 3 3 3 3 0 3 3 3 3 3 3 3 3 3 0 3 3; 3 3 0 3 0 3 0 0 0 0 3 3 0 3 3 0 0 3 3 3 3 3]
[2.90322, 0.933781, 1.61268, 0.955446, 0.458949, 1.24718, 0.463514, 1.73571, 0.463596, 2.69708, 0.170538, 0.377022, 1.16828, 1.61393, 0.298525, 2.36782, 0.0910858, 1.37373, 0.95552, 0.954266, 1.04552, 1.11262]
1657.841237090589

COUNTER = 42
Population: 2550 Generations: 70 instr_cr: 0.090 instr_mu: 0.720 delta: 0.637
Upper: 50.0000000 Mid: 37.5000000 Lower: 25.0000000 --- Events: 34
Best profit: 2515.466
Trial profit: 2515.466 in 406.196 seconds. Horizon: 37.500 
[1 1 1 1 0 1 0 0 0 1 0 1 0 1 0 1 1 0 0 1 1 0 1 0 1 0 1 0 0 0 0 1 1 0; 1 0 0 0 0 1 0 0 0 1 0 1 0 0 1 0 1 0 0 1 1 0 1 1 0 0 1 0 0 0 0 1 1 0; 2 0 2 0 0 0 2 0 2 2 2 2 0 2 0 2 2 2 0 2 2 0 2 2 2 0 2 0 0 2 2 2 2 2; 0 0 3 0 3 3 3 3 3 0 0 3 3 0 3 0 3 0 3 3 3 3 3 3 3 3 3 3 3 3 0 3 3 3; 3 0 0 0 0 3 0 0 0 0 0 0 0 3 3 3 3 0 0 3 3 3 3 3 3 3 3 3 3 3 0 0 3 3]
[0.214223, 0.0394688, 0.347696, 0.73876, 1.97425, 0.33304, 0.662044, 0.174643, 2.10243, 1.24327, 2.06033, 1.30461, 1.29903, 1.79519, 0.295533, 2.80682, 0.109903, 0.226118, 2.50013, 2.707, 0.128994, 2.41108, 2.31498, 0.271491, 1.68738, 0.898368, 0.376237, 0.706964, 0.949677, 0.102898, 0.456359, 2.02556, 1.39216, 0.84337]
2515.4662615610623

Found. Horizon: 37.500
COUNTER = 43
Population: 2597 Generations: 70 instr_cr: 0.080 instr_mu: 0.640 delta: 0.650
Upper: 37.5000000 Mid: 31.2500000 Lower: 25.0000000 --- Events: 28
Best profit: 2101.453
Trial profit: 2101.453 in 412.719 seconds. Horizon: 31.250 
[0 0 1 0 0 1 0 0 1 0 1 1 0 1 0 0 1 0 0 0 1 0 1 0 1 0 1 1; 1 0 0 0 0 1 0 0 1 1 0 1 0 1 0 1 0 0 0 1 0 0 1 0 1 0 1 0; 0 0 0 2 2 2 2 2 2 2 2 2 0 2 0 2 0 2 0 2 0 2 0 2 2 2 2 2; 0 3 3 3 0 0 0 3 3 3 0 3 0 3 3 3 0 3 3 3 0 3 3 3 3 3 3 3; 0 3 3 3 3 3 0 0 3 3 0 3 3 3 3 3 0 3 3 0 3 3 3 3 0 3 3 3]
[0.135954, 0.11963, 0.446317, 1.98235, 0.380745, 0.270771, 0.219256, 2.38425, 2.61746, 0.348882, 2.90503, 1.03604, 1.90875, 0.400966, 1.62075, 0.645008, 0.471878, 1.23297, 0.907738, 0.198709, 1.56813, 1.12138, 0.537507, 2.1402, 0.51111, 2.03156, 1.99683, 1.1098]
2101.4528924596066

Found. Horizon: 31.250
COUNTER = 44
Population: 2645 Generations: 71 instr_cr: 0.070 instr_mu: 0.560 delta: 0.662
Upper: 31.2500000 Mid: 28.1250000 Lower: 25.0000000 --- Events: 25
Best profit: 1823.040
Best profit: 1850.000
Best profit: 1814.792
Best profit: 1840.684
Best profit: 1826.031
Trial profit: 1850.000 in 440.049 seconds. Horizon: 28.125 
[1 0 0 1 0 0 0 1 1 0 1 1 0 0 1 0 0 1 1 0 0 1 0 1 1; 1 0 0 0 1 0 0 1 0 0 1 0 1 1 0 0 1 0 0 1 0 0 0 1 1; 0 2 0 0 2 0 2 2 0 0 2 2 2 2 2 0 2 0 2 0 0 2 0 2 2; 0 0 0 0 0 3 0 0 0 0 0 3 3 0 3 0 3 3 3 3 3 3 3 3 3; 0 0 0 3 0 0 0 0 3 0 3 3 0 3 3 0 3 3 3 3 3 3 0 3 3]
[0.306517, 1.69933, 1.15813, 0.19527, 1.60751, 0.0102847, 1.74088, 0.264312, 1.25799, 1.81937, 2.72447, 0.628749, 0.0645207, 2.03133, 0.516306, 1.51576, 0.637823, 2.68144, 0.31438, 0.684196, 1.02432, 0.573297, 1.48101, 2.02456, 1.16326]
1850.0000000000005

COUNTER = 45
Population: 2694 Generations: 71 instr_cr: 0.060 instr_mu: 0.480 delta: 0.675
Upper: 31.2500000 Mid: 29.6875000 Lower: 28.1250000 --- Events: 26
Best profit: 1963.748
Best profit: 1933.381
Best profit: 1990.987
Best profit: 2013.667
Trial profit: 2013.667 in 464.857 seconds. Horizon: 29.688 
[1 0 1 0 1 0 0 1 0 1 0 1 1 0 1 1 1 1 0 0 1 0 1 0 1 0; 1 0 0 1 0 1 0 0 1 0 1 0 1 0 1 0 0 0 0 1 0 0 1 1 1 0; 0 0 2 2 0 2 0 2 2 2 2 2 2 2 0 2 0 0 0 2 2 0 2 0 2 2; 3 3 3 0 3 0 3 3 3 3 3 3 3 3 3 3 3 0 3 3 0 3 3 0 3 3; 3 0 0 0 3 0 0 3 3 3 0 3 3 3 0 3 0 0 3 3 3 3 0 3 3 3]
[2.31526, 0.115085, 0.983622, 1.68376, 0.811227, 1.84958, 0.0430587, 1.44368, 1.27773, 2.05932, 0.550514, 2.75307, 1.68136, 1.58229, 0.467093, 0.335733, 0.0637001, 1.56979, 0.44564, 1.32058, 1.54314, 0.46017, 0.142893, 1.86389, 1.45276, 0.872567]
2013.6669494424018

Found. Horizon: 29.688
COUNTER = 46
Population: 2744 Generations: 71 instr_cr: 0.050 instr_mu: 0.400 delta: 0.687
Upper: 29.6875000 Mid: 28.9062500 Lower: 28.1250000 --- Events: 25
Best profit: 1909.375
Best profit: 1949.279
Best profit: 1899.554
Best profit: 1899.164
Best profit: 1921.956
Trial profit: 1949.279 in 494.381 seconds. Horizon: 28.906 
[1 1 0 1 0 1 0 0 1 0 0 1 1 0 0 0 1 0 0 1 0 1 1 1 0; 0 0 1 0 1 0 1 0 1 0 0 1 1 0 0 0 0 1 0 0 1 0 1 1 0; 0 0 2 2 2 2 0 2 2 0 2 2 2 2 2 0 2 0 2 2 0 2 2 2 2; 3 3 0 3 3 3 0 3 3 3 3 3 3 0 0 3 3 3 3 3 0 3 3 3 3; 0 0 3 0 3 3 3 3 0 3 0 0 0 0 3 3 0 0 3 3 3 3 3 3 3]
[0.00280773, 0.0689887, 2.59159, 0.724692, 2.00498, 0.851635, 0.960831, 1.59875, 1.00076, 1.00614, 1.08164, 2.83349, 0.200014, 0.379411, 1.11558, 0.972356, 0.557325, 0.209063, 2.00713, 0.929581, 1.26125, 2.0665, 2.02653, 1.54443, 0.910749]
1949.2789730663121

COUNTER = 47
Population: 2795 Generations: 71 instr_cr: 0.040 instr_mu: 0.320 delta: 0.700
Upper: 29.6875000 Mid: 29.2968750 Lower: 28.9062500 --- Events: 26
Best profit: 1964.630
Best profit: 1917.385
Best profit: 1960.005
Best profit: 1932.030
Best profit: 1955.197
Trial profit: 1964.630 in 524.721 seconds. Horizon: 29.297 
[1 1 1 1 1 1 0 0 0 1 0 1 0 0 1 1 1 0 1 0 1 0 0 0 0 0; 1 0 0 1 1 0 0 0 1 0 1 0 0 1 0 1 0 0 1 0 1 1 1 1 0 1; 0 0 0 2 2 2 0 0 2 2 2 0 2 0 2 2 2 0 2 0 2 0 0 2 2 2; 0 3 0 0 3 3 0 3 3 3 3 3 3 3 0 3 3 3 3 0 3 0 3 3 0 3; 3 0 3 3 3 3 3 0 0 3 3 3 0 0 0 0 3 0 3 0 3 3 0 3 0 3]
[0.102507, 0.0448716, 2.82643, 3.32475, 2.40932, 0.100344, 0.598286, 0.434125, 1.63645, 1.63447, 1.17554, 1.30542, 0.825407, 0.84937, 2.49175, 1.92929, 0.905229, 1.09835, 0.583381, 1.99259, 0.761592, 0.568028, 0.605543, 0.0744983, 1.01901, 0.000367697]
1964.6295380384427

COUNTER = 48
Population: 2846 Generations: 72 instr_cr: 0.030 instr_mu: 0.240 delta: 0.712
Upper: 29.6875000 Mid: 29.4921875 Lower: 29.2968750 --- Events: 26
Best profit: 1932.183
Best profit: 1929.024
Best profit: 1955.674
Best profit: 1979.339
Best profit: 1969.388
Trial profit: 1979.339 in 557.232 seconds. Horizon: 29.492 
[1 0 1 1 0 0 1 0 0 0 1 1 0 0 1 1 1 0 0 0 0 1 0 0 1 0; 1 0 1 1 0 0 0 1 0 0 0 0 1 0 1 1 0 0 1 0 0 0 1 0 1 0; 2 2 2 2 0 2 2 2 2 0 2 2 2 2 2 2 2 0 0 2 0 0 2 0 2 2; 3 3 0 3 3 3 3 3 3 0 0 0 3 0 0 0 3 0 3 3 3 3 3 3 3 3; 3 0 0 3 3 3 3 3 3 0 3 0 0 3 3 3 3 0 3 0 3 3 3 3 3 3]
[0.677851, 2.3154, 3.16235, 0.710662, 1.88405, 0.093633, 0.479082, 1.90785, 0.0713205, 1.24257, 0.00533999, 0.092113, 2.49813, 0.0828276, 2.66287, 2.62541, 0.0122584, 0.702053, 1.05387, 0.376663, 1.05784, 0.515124, 1.24179, 0.971617, 1.95715, 1.09236]
1979.3387405512087

COUNTER = 49
Population: 2898 Generations: 72 instr_cr: 0.020 instr_mu: 0.160 delta: 0.725
Upper: 29.6875000 Mid: 29.5898438 Lower: 29.4921875 --- Events: 26
Best profit: 1976.046
Best profit: 1913.180
Best profit: 1976.236
Best profit: 1938.939
Best profit: 2015.465
Trial profit: 2015.465 in 590.828 seconds. Horizon: 29.590 
[0 1 1 0 1 0 1 0 0 1 0 1 1 1 0 1 0 0 0 1 1 0 0 1 0 1; 1 0 0 1 0 1 0 0 1 0 0 1 1 0 1 0 0 1 0 0 0 1 0 1 0 1; 2 2 2 2 2 2 2 0 2 2 2 2 2 2 2 0 2 0 0 2 2 2 0 0 0 2; 3 0 3 0 3 3 3 0 3 3 0 3 3 3 3 0 3 0 3 3 3 3 3 3 0 3; 0 0 0 0 3 0 3 3 0 3 3 0 0 0 0 0 0 0 3 0 3 3 0 3 0 3]
[0.200243, 2.66387, 0.375448, 2.49055, 0.827467, 1.94606, 1.06521, 0.326408, 1.29085, 0.0300619, 2.26751, 2.81751, 2.64276, 1.74027, 0.938506, 1.01262, 0.8253, 0.0437811, 0.926741, 2.0656, 0.0160415, 0.148855, 0.0621076, 0.851743, 0.89887, 1.11545]
2015.4653433731273

Found. Horizon: 29.590
COUNTER = 50
Population: 2951 Generations: 72 instr_cr: 0.010 instr_mu: 0.080 delta: 0.737
Upper: 29.5898438 Mid: 29.5410156 Lower: 29.4921875 --- Events: 26
Best profit: 1984.667
Best profit: 2012.614
Trial profit: 2012.614 in 604.681 seconds. Horizon: 29.541 
[0 1 0 0 1 1 1 1 0 1 0 1 0 1 0 0 0 1 1 0 1 0 1 0 1 0; 1 0 0 0 1 0 1 1 0 1 0 0 1 0 0 0 1 0 1 0 0 1 1 0 0 0; 0 2 0 0 0 2 2 2 2 0 2 2 2 2 0 0 0 2 2 2 0 2 2 0 0 2; 3 0 0 3 0 3 0 3 3 3 3 3 0 3 0 0 3 3 3 3 3 3 3 3 3 3; 0 0 3 3 3 0 0 0 0 0 3 3 3 3 3 3 0 3 3 3 3 0 0 3 3 3]
[0.124922, 0.621161, 1.87405, 0.318017, 0.04727, 2.69225, 2.73371, 2.262, 0.4999, 0.375165, 2.39364, 0.52828, 2.16342, 0.137567, 0.393251, 0.547009, 1.21253, 2.16954, 1.15107, 1.51329, 0.652448, 2.0155, 0.219172, 1.67496, 0.11022, 1.11067]
2012.6142538512727

Found. Horizon: 29.541
COUNTER = 51
Population: 3005 Generations: 72 instr_cr: 0.100 instr_mu: 0.800 delta: 0.750
Upper: 50.0000000 Mid: 25.0000000 Lower: 0.0000000 --- Events: 22
Best profit: 1616.052
Best profit: 1647.503
Best profit: 1646.153
Best profit: 1640.919
Best profit: 1645.720
Trial profit: 1647.503 in 633.346 seconds. Horizon: 25.000 
[0 0 0 1 0 1 0 1 0 1 0 1 0 0 1 0 1 0 1 0 1 0; 0 1 0 0 0 1 0 1 0 1 0 1 0 0 1 0 0 1 0 0 1 0; 2 2 2 2 2 2 2 0 2 2 0 2 0 0 2 2 0 2 2 0 2 2; 0 3 3 3 3 3 3 3 0 3 3 3 0 3 3 3 3 3 3 3 3 3; 0 0 0 3 0 0 0 0 0 0 3 0 3 0 3 3 0 3 3 3 3 3]
[0.0, 0.207334, 0.297192, 0.120446, 2.70524, 1.81408, 0.928544, 0.723123, 2.13224, 1.99592, 0.738783, 0.46098, 0.361934, 2.42223, 1.35831, 1.22747, 0.761714, 1.86324, 0.828115, 1.0198, 1.94459, 1.08875]
1647.5029513075533

COUNTER = 52
Population: 3052 Generations: 73 instr_cr: 0.090 instr_mu: 0.720 delta: 0.762
Upper: 50.0000000 Mid: 37.5000000 Lower: 25.0000000 --- Events: 34
Best profit: 2626.356
Trial profit: 2626.356 in 642.518 seconds. Horizon: 37.500 
[1 1 0 1 0 1 1 0 1 0 0 1 0 1 0 0 0 1 1 0 0 0 1 0 1 0 0 1 0 1 0 1 1 1; 1 0 1 0 1 1 0 1 0 0 1 0 0 1 0 0 0 1 1 0 0 0 1 0 0 1 1 0 1 1 1 1 1 1; 2 0 0 0 2 2 2 0 2 0 2 0 2 2 0 0 2 2 2 0 2 0 0 2 0 2 0 2 0 2 0 0 0 2; 0 3 0 0 0 0 0 0 0 3 3 0 3 3 3 3 0 3 3 0 3 3 0 3 3 3 3 3 3 3 3 3 3 3; 3 0 3 0 3 3 3 0 3 0 3 3 0 3 0 3 3 3 3 0 3 3 3 3 3 3 3 3 3 3 0 3 0 3]
[2.67603, 0.572651, 2.10701, 0.122301, 2.62507, 2.51562, 0.969685, 1.39449, 0.728982, 1.27157, 0.637661, 0.677797, 2.00874, 0.813428, 0.51467, 0.498449, 1.44969, 2.74349, 0.527985, 1.5429, 0.517881, 0.453033, 1.03651, 1.63293, 0.588672, 0.392107, 1.60166, 1.7741, 0.0632933, 0.646975, 1.26441, 0.0157357, 0.0285802, 1.08589]
2626.3556798264067

Found. Horizon: 37.500
COUNTER = 53
Population: 3099 Generations: 73 instr_cr: 0.080 instr_mu: 0.640 delta: 0.775
Upper: 37.5000000 Mid: 31.2500000 Lower: 25.0000000 --- Events: 28
Best profit: 2089.995
Trial profit: 2089.995 in 649.894 seconds. Horizon: 31.250 
[0 1 1 1 1 1 0 1 0 1 0 1 0 0 1 0 1 0 0 1 0 1 1 0 0 1 1 1; 0 1 0 0 1 0 0 1 0 1 0 0 1 0 0 1 0 0 1 0 1 0 1 0 0 1 0 1; 2 2 0 2 0 2 2 2 0 2 0 2 2 0 2 0 2 0 2 2 2 2 2 0 2 2 0 2; 0 0 3 3 0 3 3 3 0 3 3 0 3 3 3 3 3 0 3 3 3 3 3 0 3 0 3 3; 0 3 0 0 0 3 0 3 0 3 3 3 0 3 0 0 0 0 3 3 3 3 3 3 3 0 3 3]
[0.0106113, 0.331364, 0.183926, 2.81858, 0.054822, 1.95825, 1.32338, 0.724671, 2.60626, 1.97469, 0.567509, 1.26088, 0.789525, 1.15675, 1.412, 0.951334, 1.00168, 1.13168, 0.206703, 2.41677, 0.200689, 2.66868, 1.25724, 0.767743, 0.355903, 0.212145, 1.78866, 1.11756]
2089.9951202111447

Found. Horizon: 31.250
COUNTER = 54
Population: 3147 Generations: 73 instr_cr: 0.070 instr_mu: 0.560 delta: 0.787
Upper: 31.2500000 Mid: 28.1250000 Lower: 25.0000000 --- Events: 25
Best profit: 1850.485
Best profit: 1864.750
Best profit: 1897.924
Best profit: 1839.458
Best profit: 1898.767
Trial profit: 1898.767 in 686.370 seconds. Horizon: 28.125 
[0 1 0 1 1 1 0 0 1 0 0 0 1 0 1 0 1 0 1 0 1 1 0 1 0; 1 0 0 1 1 0 0 0 1 0 0 0 0 1 0 1 0 0 1 0 1 1 0 1 1; 0 0 0 0 0 2 0 2 0 0 0 2 0 2 2 0 2 0 2 0 2 2 0 2 2; 0 3 0 3 0 0 0 0 0 0 0 0 0 0 0 3 3 3 3 3 0 0 3 3 3; 0 0 3 3 3 3 3 0 0 0 3 0 3 3 3 3 0 3 3 3 3 3 0 3 3]
[0.0155119, 0.983021, 1.6934, 2.67366, 0.0381327, 0.818453, 1.5174, 0.450235, 0.866234, 0.09388, 0.597473, 1.10035, 0.722557, 2.00295, 1.20191, 1.21622, 0.674994, 1.43728, 1.60489, 0.937538, 2.60431, 0.169907, 2.05363, 1.67593, 0.975144]
1898.766700856717

COUNTER = 55
Population: 3196 Generations: 73 instr_cr: 0.060 instr_mu: 0.480 delta: 0.800
Upper: 31.2500000 Mid: 29.6875000 Lower: 28.1250000 --- Events: 26
Best profit: 1969.494
Best profit: 1993.863
Best profit: 2035.617
Trial profit: 2035.617 in 708.634 seconds. Horizon: 29.688 
[1 0 1 0 0 1 0 1 0 1 1 0 0 1 1 0 0 0 1 0 1 0 0 1 1 1; 1 0 0 1 0 0 1 0 1 0 0 1 0 0 1 0 0 0 0 1 0 0 1 0 1 1; 2 0 2 2 0 2 2 0 2 2 0 2 2 0 2 0 0 2 0 2 0 2 0 2 2 2; 3 0 0 3 3 3 0 3 0 0 0 3 3 3 3 0 3 0 3 0 3 3 3 3 3 3; 0 3 3 3 3 3 3 3 0 0 3 0 3 0 3 3 3 0 0 0 3 0 3 0 3 3]
[0.13922, 2.62289, 0.476972, 1.63193, 0.484664, 1.33093, 1.17584, 2.15163, 0.524122, 1.92409, 0.823392, 1.53983, 0.311029, 1.67931, 0.241354, 1.22593, 0.314934, 0.830995, 0.847031, 1.8191, 0.193337, 1.25783, 0.667301, 2.29882, 2.02455, 1.15048]
2035.617032904687

Found. Horizon: 29.688
COUNTER = 56
Population: 3246 Generations: 74 instr_cr: 0.050 instr_mu: 0.400 delta: 0.812
Upper: 29.6875000 Mid: 28.9062500 Lower: 28.1250000 --- Events: 25
Best profit: 1915.059
Best profit: 1876.712
Best profit: 1869.167
Best profit: 1945.253
Best profit: 1906.651
Trial profit: 1945.253 in 745.181 seconds. Horizon: 28.906 
[1 0 0 1 0 1 1 0 1 0 1 0 1 0 0 0 1 0 1 0 1 0 1 1 1; 1 0 0 0 1 0 1 0 1 0 1 0 0 1 0 0 0 1 0 1 0 1 0 1 0; 2 0 2 0 2 2 2 0 2 2 0 2 0 2 0 2 0 2 2 2 2 0 2 2 2; 0 0 0 0 3 3 3 3 0 3 3 0 3 0 0 3 3 3 3 3 3 3 3 3 3; 3 0 0 3 3 0 3 0 3 3 3 3 3 3 3 3 0 3 3 0 3 3 3 3 3]
[0.0191633, 1.63059, 0.725891, 0.967389, 1.69742, 1.64555, 0.134693, 2.549, 1.87252, 0.794481, 0.778364, 1.90232, 0.0469434, 0.228427, 1.75151, 0.668108, 0.447786, 2.21976, 0.762235, 1.92981, 1.41504, 0.434349, 1.94337, 1.46709, 0.874447]
1945.2532760365734

COUNTER = 57
Population: 3296 Generations: 74 instr_cr: 0.040 instr_mu: 0.320 delta: 0.825
Upper: 29.6875000 Mid: 29.2968750 Lower: 28.9062500 --- Events: 26
Best profit: 1988.000
Best profit: 1968.219
Best profit: 1985.745
Best profit: 1942.677
Best profit: 1951.720
Trial profit: 1988.000 in 783.556 seconds. Horizon: 29.297 
[1 0 1 1 0 0 1 0 1 1 0 1 0 1 0 0 1 0 1 0 0 1 0 0 1 1; 1 0 0 1 0 0 1 0 1 1 0 0 1 0 1 0 0 0 0 1 0 0 1 0 1 1; 2 0 0 2 0 2 2 2 2 2 2 0 2 2 0 2 2 0 2 2 0 0 2 0 2 2; 3 0 3 3 3 3 3 3 3 3 3 3 0 3 3 3 0 3 3 0 3 0 0 3 3 3; 0 3 3 3 3 0 3 3 0 0 3 3 0 3 3 3 0 3 0 3 3 3 3 3 3 3]
[0.0124589, 0.233875, 2.75407, 0.104734, 0.235473, 2.6265, 1.61382, 1.66356, 2.69932, 2.23604, 0.430651, 0.706812, 1.95598, 1.37937, 0.639503, 0.139432, 1.62724, 0.729829, 0.22473, 1.19674, 0.802621, 0.584451, 0.792312, 1.20386, 1.71724, 0.986261]
1988.0000897959644

COUNTER = 58
Population: 3347 Generations: 74 instr_cr: 0.030 instr_mu: 0.240 delta: 0.837
Upper: 29.6875000 Mid: 29.4921875 Lower: 29.2968750 --- Events: 26
Best profit: 2010.921
Trial profit: 2010.921 in 791.137 seconds. Horizon: 29.492 
[1 1 0 1 0 1 1 0 1 0 1 0 0 0 1 0 0 1 0 0 1 0 1 1 1 1; 1 1 0 1 0 1 0 0 1 0 0 1 0 0 0 0 1 0 0 1 0 1 0 1 1 0; 0 2 0 2 2 2 2 0 2 0 2 0 0 2 0 0 2 2 0 0 2 0 2 2 0 2; 0 3 3 0 0 3 3 0 3 0 3 0 3 3 0 0 3 3 0 3 3 3 3 3 3 3; 0 0 0 0 0 0 0 0 3 0 3 3 0 3 3 3 3 3 0 3 3 3 3 3 0 3]
[3.07939, 0.0214933, 2.74992, 0.610538, 2.10733, 0.280715, 1.13715, 1.76285, 0.488128, 2.30034, 0.419785, 0.286917, 1.25865, 0.786406, 0.178557, 0.63463, 1.8562, 0.122067, 1.00678, 1.50577, 1.55043, 0.509115, 2.06582, 0.214854, 1.55121, 1.00716]
2010.9210449896837

Found. Horizon: 29.492
COUNTER = 59
Population: 3399 Generations: 74 instr_cr: 0.020 instr_mu: 0.160 delta: 0.850
Upper: 29.4921875 Mid: 29.3945313 Lower: 29.2968750 --- Events: 26
Best profit: 1970.756
Best profit: 1970.600
Best profit: 1950.000
Best profit: 1957.580
Best profit: 1937.365
Trial profit: 1970.756 in 830.686 seconds. Horizon: 29.395 
[1 1 0 0 1 0 1 1 0 0 1 0 0 0 1 0 1 0 1 0 0 1 0 0 1 0; 0 1 0 0 0 1 1 1 0 0 0 0 1 0 1 0 1 0 0 1 0 1 0 0 1 1; 2 0 2 0 2 2 2 2 2 0 0 0 2 0 2 0 2 2 2 0 2 0 2 0 2 2; 3 3 3 0 0 3 0 3 3 3 0 0 3 3 0 0 0 3 3 0 3 3 0 0 3 3; 3 3 3 3 0 3 3 3 3 3 0 3 3 0 3 3 3 3 3 0 3 3 0 3 3 3]
[0.00747743, 0.726542, 0.353532, 1.71409, 0.114411, 3.03361, 3.21775, 2.06041, 0.251916, 0.355895, 0.456671, 0.205822, 0.0471543, 2.41789, 0.936517, 1.89764, 0.656207, 2.06679, 0.572251, 1.10079, 1.5577, 0.40222, 1.0675, 1.13019, 1.95442, 1.08913]
1970.75615069835

COUNTER = 60
Population: 3452 Generations: 75 instr_cr: 0.010 instr_mu: 0.080 delta: 0.862
Upper: 29.4921875 Mid: 29.4433594 Lower: 29.3945313 --- Events: 26
Best profit: 1970.419
Best profit: 1997.222
Best profit: 1961.536
Best profit: 1947.809
Best profit: 1930.229
Trial profit: 1997.222 in 872.689 seconds. Horizon: 29.443 
[1 1 1 1 1 1 0 0 0 1 0 0 1 0 1 0 1 0 1 0 0 1 1 1 1 0; 1 1 0 1 0 0 0 0 1 0 1 0 0 0 1 0 1 0 1 0 0 1 1 0 1 0; 2 2 2 2 0 2 0 0 0 2 0 2 0 2 0 2 2 0 2 2 0 2 2 0 2 2; 0 3 3 0 0 3 3 0 3 3 3 3 3 0 3 0 3 3 3 3 0 3 3 3 3 3; 0 3 0 0 0 0 0 3 3 3 3 3 3 3 3 0 3 3 3 0 3 0 0 3 3 3]
[3.13835, 3.08779, 0.115355, 0.000657442, 2.66237, 0.209089, 0.109944, 0.352215, 1.85166, 1.7863, 0.14826, 0.775196, 0.712378, 1.93714, 0.105415, 2.25776, 1.50446, 1.15764, 0.176319, 0.803239, 1.68759, 2.20178, 0.360593, 1.32897, 0.972234, 0.000657442]
1997.2220103960735

COUNTER = 61
Population: 3506 Generations: 75 instr_cr: 0.100 instr_mu: 0.800 delta: 0.875
Upper: 50.0000000 Mid: 25.0000000 Lower: 0.0000000 --- Events: 22
Best profit: 1610.558
Best profit: 1654.986
Best profit: 1668.275
Best profit: 1600.552
Best profit: 1637.079
Trial profit: 1668.275 in 908.243 seconds. Horizon: 25.000 
[1 1 1 0 1 0 0 1 0 1 1 0 1 0 1 0 1 0 0 1 0 1; 0 1 0 1 0 1 0 0 1 0 1 1 0 0 0 1 1 0 0 1 1 1; 0 0 0 2 2 0 0 2 0 2 2 2 2 2 2 2 2 0 0 2 2 2; 0 3 3 0 3 3 3 3 3 0 3 3 0 3 3 0 3 3 3 3 3 3; 3 3 0 3 3 0 3 0 3 0 0 0 0 3 0 3 3 3 3 3 3 3]
[0.0102024, 2.6684, 0.672373, 1.99407, 1.0962, 0.523853, 0.965363, 1.82566, 0.234401, 2.66378, 2.37897, 0.259607, 2.11144, 0.316176, 0.166692, 2.47701, 0.21132, 1.51569, 0.378735, 1.59146, 0.931343, 0.00723613]
1668.2753560404637

COUNTER = 62
Population: 3553 Generations: 75 instr_cr: 0.090 instr_mu: 0.720 delta: 0.887
Upper: 50.0000000 Mid: 37.5000000 Lower: 25.0000000 --- Events: 34
Best profit: 2562.434
Trial profit: 2562.434 in 918.219 seconds. Horizon: 37.500 
[1 0 0 0 1 1 1 1 0 0 1 1 0 1 1 0 1 1 0 0 1 0 0 1 0 0 1 0 1 0 0 1 1 0; 0 1 0 0 1 0 1 1 0 0 1 0 1 0 0 1 0 1 0 0 1 0 0 0 1 0 0 1 1 0 0 1 1 1; 0 0 0 0 2 2 2 2 0 0 2 2 0 2 2 2 2 0 2 2 0 2 0 2 0 2 0 2 2 2 0 2 0 2; 0 3 0 0 0 0 3 3 3 3 0 0 3 3 0 0 3 3 0 3 0 3 0 3 3 0 3 3 3 3 3 3 3 3; 0 0 0 0 0 0 3 3 3 3 3 3 3 3 0 3 3 0 3 0 0 3 0 3 3 3 0 3 3 3 3 3 3 3]
[0.0109315, 2.40414, 0.112842, 0.155282, 2.69333, 0.167806, 2.69022, 0.102493, 1.23578, 1.4243, 2.67732, 0.630042, 2.1176, 0.0313347, 0.754384, 2.01889, 0.73952, 0.248397, 2.03516, 0.945304, 0.525384, 0.438532, 1.55971, 0.804778, 0.973921, 0.837003, 1.4302, 1.99735, 0.293511, 0.0788347, 2.2672, 0.232677, 1.74561, 1.12021]
2562.4335072850117

Found. Horizon: 37.500
COUNTER = 63
Population: 3601 Generations: 75 instr_cr: 0.080 instr_mu: 0.640 delta: 0.900
Upper: 37.5000000 Mid: 31.2500000 Lower: 25.0000000 --- Events: 28
Best profit: 2058.994
Trial profit: 2058.994 in 927.128 seconds. Horizon: 31.250 
[0 0 1 0 1 1 1 1 1 0 1 1 1 0 0 1 1 0 1 0 1 0 1 1 1 1 1 1; 1 1 0 0 0 1 0 1 0 0 0 1 1 0 0 1 0 0 1 0 0 1 0 1 0 1 0 1; 0 0 2 0 0 2 0 2 2 2 2 0 2 0 2 0 0 2 2 0 2 0 2 2 0 2 2 0; 3 3 3 0 3 3 3 0 3 3 0 3 3 3 0 3 3 3 3 3 3 3 3 3 3 3 0 3; 0 0 3 0 3 0 0 0 0 3 0 3 3 3 3 0 3 0 3 3 0 0 0 3 3 3 3 3]
[0.00156249, 0.251868, 0.910116, 2.15937, 0.0426636, 0.346146, 2.97941, 3.23539, 0.0498805, 0.0247225, 0.0436086, 3.36374, 1.73829, 0.600313, 0.984201, 0.509321, 0.572004, 2.26601, 1.38831, 1.26617, 1.07657, 0.971234, 2.22679, 1.19553, 0.837286, 1.31533, 0.0913226, 0.802848]
2058.994319840766

Found. Horizon: 31.250
COUNTER = 64
Population: 3649 Generations: 76 instr_cr: 0.070 instr_mu: 0.560 delta: 0.912
Upper: 31.2500000 Mid: 28.1250000 Lower: 25.0000000 --- Events: 25
Best profit: 1884.451
Best profit: 1889.858
Best profit: 1854.042
Best profit: 1837.032
Best profit: 1876.535
Trial profit: 1889.858 in 969.490 seconds. Horizon: 28.125 
[0 1 1 0 1 0 0 1 0 1 0 1 0 1 0 1 0 0 1 0 1 0 1 1 0; 0 1 1 0 0 1 0 1 0 0 1 0 1 0 0 1 0 0 1 0 0 1 1 0 0; 2 2 0 2 0 0 2 2 2 2 0 2 0 2 2 0 2 0 0 2 0 2 2 0 2; 0 0 0 3 0 0 0 0 0 0 0 0 3 3 3 3 3 3 3 0 0 0 3 3 3; 0 0 3 3 0 0 0 0 3 3 3 3 3 0 3 0 3 3 3 3 3 3 3 3 3]
[0.00800347, 2.6581, 1.55898, 1.09182, 0.236894, 0.882315, 1.56484, 2.16118, 0.33484, 0.840629, 1.59698, 1.69805, 0.680403, 1.97884, 0.657782, 1.29822, 1.13807, 0.184799, 0.797552, 1.21019, 0.781702, 1.96278, 0.422426, 1.36097, 1.01863]
1889.857723118816

COUNTER = 65
Population: 3698 Generations: 76 instr_cr: 0.060 instr_mu: 0.480 delta: 0.925
Upper: 31.2500000 Mid: 29.6875000 Lower: 28.1250000 --- Events: 26
Best profit: 2027.886
Trial profit: 2027.886 in 978.536 seconds. Horizon: 29.688 
[1 0 1 0 1 0 0 1 1 0 1 0 0 0 1 0 1 0 0 1 0 0 1 1 0 1; 1 0 0 1 1 0 1 0 1 0 0 1 0 0 0 1 0 1 0 0 0 1 0 1 0 1; 0 0 0 2 2 0 2 0 2 0 2 0 2 0 0 2 2 0 2 2 0 0 2 2 0 2; 3 0 0 3 0 0 0 3 3 3 3 3 0 0 3 3 3 3 0 0 0 3 0 3 0 3; 3 0 3 0 0 3 0 0 3 3 3 3 3 3 3 3 3 3 3 3 3 3 3 3 3 3]
[0.489176, 2.21186, 0.621396, 2.10852, 1.82068, 0.581113, 0.599388, 2.67787, 0.111907, 2.48478, 0.738061, 1.21582, 0.0880584, 0.761462, 1.16169, 1.85137, 1.48359, 0.143591, 1.47933, 0.313038, 1.38617, 0.408472, 2.13526, 0.100494, 1.69596, 1.01847]
2027.8857944694732

Found. Horizon: 29.688
COUNTER = 66
Population: 3748 Generations: 76 instr_cr: 0.050 instr_mu: 0.400 delta: 0.937
Upper: 29.6875000 Mid: 28.9062500 Lower: 28.1250000 --- Events: 25
Best profit: 1926.156
Best profit: 1975.050
Best profit: 1941.347
Best profit: 1933.554
Best profit: 1889.787
Trial profit: 1975.050 in 1022.413 seconds. Horizon: 28.906 
[0 0 0 1 1 1 0 1 0 1 0 0 1 0 1 0 0 1 0 0 1 1 1 0 0; 1 0 0 0 1 1 0 0 1 0 0 1 0 0 1 0 0 1 0 0 1 1 1 0 0; 2 0 2 2 2 2 2 2 0 2 0 0 2 0 2 2 0 0 2 0 2 2 2 0 2; 3 3 3 0 3 3 3 3 3 3 3 0 3 3 3 3 3 0 3 3 3 3 3 3 3; 0 3 0 0 3 3 3 3 3 3 0 3 3 3 0 0 0 3 3 0 3 3 3 0 3]
[0.062251, 0.0497167, 0.144715, 2.75606, 2.89478, 2.05826, 0.559959, 0.847948, 1.76789, 1.41423, 0.180206, 0.777895, 0.901335, 1.7023, 1.82233, 0.60152, 0.586313, 0.592075, 0.44705, 1.62646, 2.57096, 2.03326, 0.388543, 1.19518, 0.925005]
1975.0496937972805

COUNTER = 67
Population: 3798 Generations: 76 instr_cr: 0.040 instr_mu: 0.320 delta: 0.950
Upper: 29.6875000 Mid: 29.2968750 Lower: 28.9062500 --- Events: 26
Best profit: 1963.964
Best profit: 1980.004
Best profit: 1968.476
Best profit: 1925.767
Best profit: 1959.909
Trial profit: 1980.004 in 1071.124 seconds. Horizon: 29.297 
[0 1 0 1 1 0 0 1 0 1 0 0 1 0 1 0 1 1 1 0 1 1 0 1 1 1; 1 0 0 0 1 0 0 1 0 0 1 0 0 1 0 0 1 1 0 1 0 0 1 1 1 1; 0 2 0 2 0 2 2 2 0 2 0 2 0 2 0 2 2 2 2 0 2 0 2 2 0 2; 3 0 3 0 0 3 3 3 3 0 3 3 3 3 3 3 3 3 3 0 3 3 3 3 3 3; 0 0 3 3 0 3 0 3 0 3 3 3 0 3 3 0 3 3 3 3 3 3 3 3 0 3]
[0.135314, 2.39584, 0.285621, 0.0327942, 0.670678, 1.55208, 0.458105, 0.883822, 1.78475, 0.666748, 1.3523, 0.382356, 1.59773, 0.701342, 0.0824254, 2.50535, 2.45313, 2.62434, 0.711094, 1.44571, 0.601516, 1.25173, 1.97949, 0.717963, 1.0254, 0.999234]
1980.00352999236

COUNTER = 68
Population: 3849 Generations: 77 instr_cr: 0.030 instr_mu: 0.240 delta: 0.962
Upper: 29.6875000 Mid: 29.4921875 Lower: 29.2968750 --- Events: 26
Best profit: 1957.858
Best profit: 1957.326
Best profit: 1927.233
Best profit: 1924.225
Best profit: 2020.936
Trial profit: 2020.936 in 1117.799 seconds. Horizon: 29.492 
[1 0 1 0 1 1 0 0 1 0 1 0 1 0 0 1 0 1 0 1 0 0 1 1 0 1; 1 0 0 1 1 0 1 0 0 1 0 1 0 0 0 1 0 1 0 0 1 0 1 0 1 0; 2 2 0 2 2 2 0 2 2 0 2 2 0 0 2 0 2 2 0 2 2 0 2 0 0 2; 0 0 3 3 3 3 3 3 3 0 3 3 3 3 0 0 0 3 0 3 3 3 3 3 3 3; 0 3 0 3 3 3 3 3 3 0 3 3 0 0 3 3 3 3 3 3 3 3 3 0 3 3]
[0.779566, 1.89499, 0.661613, 2.14275, 2.68571, 0.294695, 1.90497, 0.470276, 0.964177, 1.67261, 1.70254, 0.701044, 0.378532, 1.34331, 0.942552, 0.864023, 2.03921, 0.45763, 1.5418, 1.47478, 0.453848, 1.42804, 0.953133, 0.678968, 0.0786576, 0.982761]
2020.9358599685233

Found. Horizon: 29.492
COUNTER = 69
Population: 3901 Generations: 77 instr_cr: 0.020 instr_mu: 0.160 delta: 0.975
Upper: 29.4921875 Mid: 29.3945313 Lower: 29.2968750 --- Events: 26
Best profit: 1973.507
Best profit: 1998.780
Best profit: 1972.498
Best profit: 1958.267
Best profit: 1936.119
Trial profit: 1998.780 in 1166.568 seconds. Horizon: 29.395 
[1 1 0 0 1 0 1 0 1 0 1 0 1 0 1 0 1 0 1 0 1 0 0 1 0 1; 1 1 0 0 0 1 0 0 1 0 0 1 0 1 0 1 0 0 0 1 0 0 0 1 0 1; 0 0 2 2 2 2 2 0 2 0 2 2 2 0 2 2 0 2 2 0 2 0 2 2 0 2; 0 3 3 0 3 3 3 3 3 3 3 0 3 3 3 3 3 0 3 3 0 3 3 3 3 3; 3 0 3 0 3 3 3 0 3 3 0 3 3 3 0 0 0 3 3 3 3 3 0 3 3 3]
[2.69093, 0.225242, 2.14673, 0.288035, 0.770751, 1.78603, 0.399458, 1.40533, 0.742225, 1.93816, 0.652056, 2.01288, 1.37215, 0.976085, 2.37272, 0.148757, 0.0645846, 2.16927, 1.1493, 0.761276, 0.274196, 1.69439, 0.280633, 1.64764, 0.324769, 1.10095]
1998.779501506382

COUNTER = 70
Population: 3953 Generations: 77 instr_cr: 0.010 instr_mu: 0.080 delta: 0.987
Upper: 29.4921875 Mid: 29.4433594 Lower: 29.3945313 --- Events: 26
Best profit: 2029.708
Trial profit: 2029.708 in 1176.898 seconds. Horizon: 29.443 
[0 1 1 0 1 0 0 1 0 1 0 1 1 0 0 0 1 0 1 0 1 0 1 1 1 0; 1 0 1 0 0 1 0 0 1 0 0 1 0 1 0 0 0 1 0 1 0 0 1 0 1 0; 2 2 2 0 2 2 0 2 2 0 2 2 2 0 2 0 2 0 2 2 2 0 2 0 0 2; 3 0 0 3 0 0 3 3 3 0 3 3 3 3 0 3 3 3 0 3 3 0 3 3 3 3; 0 0 3 3 3 0 3 0 0 0 0 0 0 0 0 0 3 3 3 3 3 3 0 3 3 3]
[0.132552, 2.68488, 0.17624, 2.05046, 1.12112, 0.416356, 1.12096, 1.87856, 0.74967, 1.02595, 1.56714, 2.52322, 0.819979, 0.887501, 0.175678, 0.636255, 1.66025, 1.00699, 2.09167, 1.60956, 0.83125, 1.16683, 0.0872418, 1.73481, 0.177039, 1.11117]
2029.7084834871162

Found. Horizon: 29.443
COUNTER = 71
Population: 4006 Generations: 77 instr_cr: 0.100 instr_mu: 0.800 delta: 1.000
Upper: 50.0000000 Mid: 25.0000000 Lower: 0.0000000 --- Events: 22
Best profit: 1649.320
Best profit: 1597.162
Best profit: 1598.276
Best profit: 1589.672
Best profit: 1603.967
Trial profit: 1649.320 in 1218.691 seconds. Horizon: 25.000 
[0 1 1 1 0 0 1 0 1 1 1 0 0 1 0 0 0 1 0 0 1 0; 1 0 0 0 1 0 0 1 0 1 0 1 0 0 1 0 0 1 0 0 1 1; 0 2 2 2 2 0 2 0 2 2 2 2 2 0 0 2 0 0 2 0 2 2; 0 3 0 0 3 3 3 0 3 3 3 3 3 3 3 3 0 3 3 0 3 3; 0 0 0 0 0 3 3 0 3 0 0 0 0 3 3 0 3 0 3 3 3 3]
[0.0871216, 2.70463, 0.142816, 0.357688, 1.83485, 0.562479, 0.856943, 1.80966, 2.66684, 2.91322, 0.189599, 2.04152, 0.633601, 0.294518, 0.705354, 1.24265, 0.61621, 0.152066, 0.324077, 1.92775, 1.87925, 1.05715]
1649.320064794783

COUNTER = 72
Population: 4053 Generations: 78 instr_cr: 0.090 instr_mu: 0.720 delta: 1.012
Upper: 50.0000000 Mid: 37.5000000 Lower: 25.0000000 --- Events: 34
Best profit: 2533.976
Trial profit: 2533.976 in 1230.867 seconds. Horizon: 37.500 
[1 0 0 0 1 0 0 1 1 0 1 0 1 0 1 0 0 1 1 0 1 0 0 1 0 0 1 0 1 0 0 1 1 1; 0 0 1 0 0 1 0 0 1 0 0 1 0 1 0 1 0 0 1 0 1 0 0 0 0 1 0 0 1 0 0 0 1 0; 0 0 2 2 0 0 0 2 2 2 0 2 2 0 2 0 2 0 2 2 2 2 0 2 0 2 0 2 2 0 0 2 2 2; 3 0 0 0 3 0 0 0 3 3 3 0 3 3 3 0 3 3 3 3 3 3 0 3 3 3 0 3 3 3 3 0 3 3; 0 3 0 0 3 0 0 0 0 3 3 0 0 3 3 0 3 0 3 3 0 0 3 3 0 3 3 3 3 3 3 3 3 3]
[0.386614, 0.0608322, 0.213626, 1.73435, 1.44822, 0.882263, 0.0656817, 2.46447, 2.03206, 0.888864, 0.391869, 2.76047, 0.33051, 2.63421, 0.244903, 1.9517, 0.703627, 0.664032, 0.0220637, 2.85448, 0.134543, 1.1581, 1.23518, 0.24502, 1.75559, 0.647946, 1.40893, 1.26161, 0.23439, 1.46739, 0.343824, 1.84499, 1.9417, 1.08596]
2533.9758763366967

Found. Horizon: 37.500
COUNTER = 73
Population: 4101 Generations: 78 instr_cr: 0.080 instr_mu: 0.640 delta: 1.025
Upper: 37.5000000 Mid: 31.2500000 Lower: 25.0000000 --- Events: 28
Best profit: 2157.239
Trial profit: 2157.239 in 1241.202 seconds. Horizon: 31.250 
[1 1 0 0 1 0 1 1 1 0 0 1 0 1 0 1 0 1 0 0 0 0 1 0 1 0 0 1; 1 0 0 1 0 1 0 1 0 1 0 1 0 1 0 1 0 0 0 1 1 0 0 0 1 0 1 1; 2 0 0 2 2 0 2 2 2 2 0 2 2 2 0 2 2 0 0 2 0 0 2 0 2 0 0 2; 0 3 3 0 3 0 3 3 3 0 3 0 0 3 0 3 3 3 3 3 3 3 3 0 3 3 3 3; 3 3 3 3 0 3 3 3 3 3 3 3 3 3 3 3 3 3 3 3 3 0 3 3 0 3 3 3]
[2.67115, 0.42608, 0.219125, 2.11682, 1.20525, 1.46153, 2.00325, 2.75689, 0.432864, 1.62619, 0.752558, 0.436405, 2.31765, 1.23029, 1.45037, 2.01214, 0.601546, 0.388261, 0.341163, 0.0618135, 0.117521, 1.75448, 1.15911, 0.682265, 0.00288921, 1.88482, 0.0528816, 1.08469]
2157.2391206762663

Found. Horizon: 31.250
COUNTER = 74
Population: 4149 Generations: 78 instr_cr: 0.070 instr_mu: 0.560 delta: 1.037
Upper: 31.2500000 Mid: 28.1250000 Lower: 25.0000000 --- Events: 25
Best profit: 1878.487
Best profit: 1919.311
Best profit: 1867.728
Best profit: 1870.090
Best profit: 1880.540
Trial profit: 1919.311 in 1289.093 seconds. Horizon: 28.125 
[1 0 1 1 1 0 0 0 0 1 0 1 0 1 0 1 0 1 0 0 1 1 1 1 0; 1 0 1 1 0 0 1 1 0 0 1 0 0 1 0 0 1 0 0 0 1 1 1 1 1; 2 0 2 2 2 0 2 2 0 2 2 0 2 2 0 2 2 0 2 0 2 2 0 2 0; 0 0 3 0 3 3 0 0 3 3 3 3 3 3 3 0 0 3 3 0 3 3 3 3 3; 3 3 0 0 3 0 3 0 3 3 0 3 3 3 3 3 3 3 3 3 0 3 3 3 3]
[1.99103, 1.09125, 2.93636, 2.18819, 1.10685, 0.046306, 0.00234522, 0.162398, 1.33579, 1.87121, 0.794475, 0.98443, 1.68178, 1.75947, 0.237782, 1.46112, 1.20368, 0.332579, 1.01507, 0.87255, 2.2593, 1.27911, 0.497006, 1.0149, 0.0]
1919.310519803912

COUNTER = 75
Population: 4198 Generations: 78 instr_cr: 0.060 instr_mu: 0.480 delta: 1.050
Upper: 31.2500000 Mid: 29.6875000 Lower: 28.1250000 --- Events: 26
Best profit: 1944.436
Best profit: 2061.340
Trial profit: 2061.340 in 1308.168 seconds. Horizon: 29.688 
[1 1 0 0 0 1 0 0 1 0 0 0 1 0 0 0 1 0 1 0 1 1 0 1 1 0; 1 0 1 0 0 0 1 0 0 1 0 0 0 0 1 0 0 0 1 0 1 0 1 0 1 0; 0 2 0 0 2 0 2 2 2 0 0 2 0 2 2 0 0 2 2 0 2 2 0 2 2 2; 0 0 3 3 0 0 0 0 0 3 3 3 0 3 3 0 3 3 3 0 3 3 3 3 3 3; 3 0 0 3 0 0 0 0 3 3 0 0 3 3 3 3 3 3 3 3 3 3 3 3 3 3]
[3.11531, 0.221523, 0.56391, 0.78835, 1.09346, 0.897634, 0.00484667, 1.7646, 1.73329, 0.15323, 0.177183, 0.602678, 0.306998, 2.09449, 0.11546, 0.457572, 1.16083, 1.59406, 0.915412, 2.17842, 2.41366, 1.12642, 0.935454, 2.16087, 2.00361, 1.10824]
2061.3404701132604

Found. Horizon: 29.688
COUNTER = 76
Population: 4248 Generations: 79 instr_cr: 0.050 instr_mu: 0.400 delta: 1.062
Upper: 29.6875000 Mid: 28.9062500 Lower: 28.1250000 --- Events: 25
Best profit: 1879.606
Best profit: 1930.592
Best profit: 1899.808
Best profit: 1931.757
Best profit: 1892.395
Trial profit: 1931.757 in 1358.122 seconds. Horizon: 28.906 
[1 0 1 0 1 0 1 0 0 1 0 0 1 0 0 1 0 1 1 0 0 1 0 0 0; 1 0 1 0 1 0 1 0 0 1 0 0 0 1 0 0 1 1 1 0 0 1 0 1 0; 0 0 2 2 2 2 2 2 0 0 2 0 2 2 0 2 2 2 2 0 2 2 0 0 2; 3 3 3 0 0 3 3 3 3 3 3 0 3 3 0 3 3 3 3 0 3 3 3 3 3; 3 3 3 0 0 0 0 3 0 3 3 3 3 3 3 3 0 3 3 0 3 3 3 0 3]
[0.754487, 2.57791, 1.56152, 1.55762, 1.60222, 1.70431, 1.27559, 0.0095827, 1.45122, 0.503709, 1.07446, 1.08915, 0.051614, 0.808161, 1.80727, 0.545169, 2.09659, 2.66842, 0.123485, 0.25333, 2.27785, 1.6231, 0.247981, 0.128475, 1.11302]
1931.7573001069572

COUNTER = 77
Population: 4298 Generations: 79 instr_cr: 0.040 instr_mu: 0.320 delta: 1.075
Upper: 29.6875000 Mid: 29.2968750 Lower: 28.9062500 --- Events: 26
Best profit: 1937.390
Best profit: 1963.667
Best profit: 1997.811
Best profit: 1956.048
Best profit: 1941.041
Trial profit: 1997.811 in 1410.118 seconds. Horizon: 29.297 
[0 1 1 1 1 0 1 0 0 0 1 0 0 0 0 1 0 1 0 1 0 0 1 0 0 1; 1 0 1 1 0 1 0 1 0 0 0 0 0 1 0 0 1 0 1 0 0 0 1 0 1 1; 2 0 2 2 2 0 2 0 2 0 0 0 2 2 0 2 2 2 2 0 0 2 0 2 0 2; 3 3 3 3 3 0 3 3 0 0 0 3 0 3 0 3 3 3 3 3 3 3 3 0 3 3; 3 0 0 0 0 0 3 3 0 0 0 0 3 0 0 3 3 0 0 0 3 3 3 3 3 3]
[0.346529, 2.86365, 3.1231, 2.67071, 0.651483, 2.01608, 1.34026, 0.950909, 0.107695, 0.216833, 1.4088, 0.308998, 0.0555848, 0.462004, 1.5298, 1.32779, 1.3801, 1.99009, 0.67608, 0.688472, 0.563014, 1.28665, 0.220197, 0.577202, 1.42219, 1.11265]
1997.8106826289436

COUNTER = 78
Population: 4349 Generations: 79 instr_cr: 0.030 instr_mu: 0.240 delta: 1.087
Upper: 29.6875000 Mid: 29.4921875 Lower: 29.2968750 --- Events: 26
Best profit: 2006.392
Trial profit: 2006.392 in 1420.661 seconds. Horizon: 29.492 
[1 1 0 1 0 1 0 1 0 1 0 1 0 0 1 0 0 0 1 0 1 0 1 0 1 1; 0 1 0 0 1 0 1 0 0 1 0 0 1 0 0 1 0 0 0 1 0 0 1 0 1 1; 0 2 0 2 0 2 2 0 2 2 2 0 2 0 2 0 2 0 2 2 0 2 2 0 2 2; 3 0 3 3 3 0 3 3 0 0 0 3 0 3 3 3 0 3 3 3 3 0 3 3 3 3; 3 0 3 3 3 0 0 3 3 3 3 0 3 3 3 3 3 3 3 3 0 3 3 3 3 3]
[0.0118994, 0.500341, 2.17091, 0.255937, 2.43765, 0.89395, 1.78217, 0.219986, 2.28072, 1.90114, 1.25216, 0.18811, 0.655817, 1.82382, 0.699594, 0.0129477, 0.0998724, 1.90423, 1.90651, 1.008, 0.533858, 1.95652, 0.996576, 1.16749, 1.80494, 1.02704]
2006.3923987193832

Found. Horizon: 29.492
COUNTER = 79
Population: 4400 Generations: 79 instr_cr: 0.020 instr_mu: 0.160 delta: 1.100
Upper: 29.4921875 Mid: 29.3945313 Lower: 29.2968750 --- Events: 26
Best profit: 1945.074
Best profit: 1992.914
Best profit: 2002.630
Trial profit: 2002.630 in 1451.828 seconds. Horizon: 29.395 
[1 1 1 1 0 1 1 0 1 1 0 0 1 1 0 0 1 0 1 0 1 0 1 0 1 0; 0 1 0 0 1 0 0 0 1 1 0 1 0 1 0 0 0 1 0 1 0 0 1 0 1 0; 2 0 0 2 2 2 0 0 2 2 2 0 2 2 0 2 0 2 2 2 0 2 2 0 2 2; 3 0 0 0 0 0 3 0 0 0 0 0 3 3 3 0 0 0 3 3 3 0 0 0 3 3; 0 0 0 3 0 0 3 3 3 3 0 3 0 3 3 3 3 3 3 3 0 3 3 3 3 3]
[2.34151e-5, 0.0348146, 2.69748, 0.155141, 0.0596262, 0.027544, 0.802878, 1.97084, 2.91022, 1.06284, 1.38368, 0.403818, 2.69177, 1.2431, 0.533796, 0.88946, 0.672262, 1.96838, 1.83837, 0.775615, 0.839254, 1.72005, 1.54675, 0.463652, 1.71757, 0.985609]
2002.63010931465

Found. Horizon: 29.395
COUNTER = 80
Population: 4452 Generations: 80 instr_cr: 0.010 instr_mu: 0.080 delta: 1.112
Upper: 29.3945313 Mid: 29.3457031 Lower: 29.2968750 --- Events: 26
Best profit: 1944.639
Best profit: 1955.487
Best profit: 1979.867
Best profit: 1929.553
Best profit: 1984.948
Trial profit: 1984.948 in 1508.518 seconds. Horizon: 29.346 
[0 1 0 1 1 0 0 1 0 1 0 0 1 0 1 0 0 0 1 0 0 0 1 0 1 0; 1 0 0 1 1 0 0 0 1 1 0 0 0 1 0 0 1 0 0 1 1 0 0 0 1 1; 2 0 2 2 2 0 2 0 2 2 2 2 2 2 2 0 0 2 0 2 0 0 2 0 2 2; 0 0 0 0 3 3 3 0 3 3 3 3 0 3 3 3 0 3 3 3 3 3 3 0 3 3; 0 3 3 3 3 3 3 3 3 0 3 0 3 0 3 3 3 3 3 3 3 0 3 3 3 3]
[0.593424, 0.54893, 2.12104, 3.20735, 0.53476, 1.20162, 1.035, 0.552342, 2.89138, 2.24511, 0.405242, 0.183506, 0.480198, 2.54029, 0.302188, 0.356506, 1.43842, 1.00077, 0.875229, 0.311415, 0.829864, 0.649166, 0.313974, 1.63967, 1.98434, 1.10395]
1984.948108295285

COUNTER = 81
Population: 4505 Generations: 80 instr_cr: 0.100 instr_mu: 0.800 delta: 1.125
Upper: 50.0000000 Mid: 25.0000000 Lower: 0.0000000 --- Events: 22
Best profit: 1636.971
Best profit: 1650.000
Best profit: 1696.291
Best profit: 1669.991
Best profit: 1622.254
Trial profit: 1696.291 in 1557.429 seconds. Horizon: 25.000 
[1 0 0 1 0 0 1 1 1 0 1 0 1 0 1 0 1 0 0 1 0 0; 0 1 0 0 1 0 0 1 0 1 0 1 0 1 0 0 1 0 0 1 1 0; 0 2 2 2 2 2 2 2 2 2 2 0 2 2 0 2 2 0 0 2 2 2; 3 3 3 0 0 0 0 0 3 3 3 3 3 3 3 0 3 3 3 3 3 3; 0 3 0 0 3 0 0 3 3 3 3 0 3 3 3 3 3 0 3 3 3 3]
[0.203364, 1.14696, 1.30448, 0.882827, 1.55813, 0.198466, 1.98588, 2.6778, 0.644787, 2.02885, 1.02989, 1.34489, 1.98663, 0.686389, 0.791441, 1.8224, 0.275012, 0.694761, 1.03134, 1.71858, 0.98624, 0.000877315]
1696.2907086892903

COUNTER = 82
Population: 4553 Generations: 80 instr_cr: 0.090 instr_mu: 0.720 delta: 1.137
Upper: 50.0000000 Mid: 37.5000000 Lower: 25.0000000 --- Events: 34
Best profit: 2550.300
Trial profit: 2550.300 in 1572.137 seconds. Horizon: 37.500 
[1 0 1 1 0 1 1 0 0 1 0 1 1 1 1 1 0 0 1 0 1 0 0 1 0 0 0 1 0 1 0 0 1 1; 1 0 1 1 0 1 0 1 1 0 0 1 0 0 1 0 0 0 1 0 0 1 0 0 1 0 0 1 0 1 1 0 1 1; 2 0 0 2 0 2 2 0 0 2 0 2 2 0 0 0 2 0 2 2 2 0 2 0 2 2 0 2 0 2 0 0 0 2; 0 3 3 3 0 0 0 0 3 0 3 3 3 3 3 0 3 3 3 3 3 3 3 0 3 3 3 3 3 3 3 3 3 3; 3 0 3 0 0 0 0 0 3 0 3 0 3 3 0 0 3 3 3 3 0 3 3 3 3 0 3 0 0 3 0 3 3 3]
[0.350945, 2.65608, 2.75402, 0.23549, 2.54352, 2.31695, 1.17129, 0.593595, 0.748546, 1.42965, 1.22227, 2.79647, 0.171734, 0.398731, 0.0284652, 1.45688, 0.0853405, 1.75116, 2.36668, 0.293112, 0.703379, 1.28098, 0.776607, 1.26082, 0.0216297, 1.34631, 0.801268, 1.78225, 0.967246, 0.093252, 0.201399, 0.565835, 1.17822, 1.14988]
2550.299587922344

Found. Horizon: 37.500
COUNTER = 83
Population: 4601 Generations: 80 instr_cr: 0.080 instr_mu: 0.640 delta: 1.150
Upper: 37.5000000 Mid: 31.2500000 Lower: 25.0000000 --- Events: 28
Best profit: 2066.765
Trial profit: 2066.765 in 1585.374 seconds. Horizon: 31.250 
[1 0 0 0 1 0 0 1 1 0 1 0 1 0 1 0 1 0 0 1 1 0 1 0 1 1 0 0; 1 0 0 0 0 0 1 0 1 0 1 0 1 0 1 0 1 0 0 1 0 1 0 0 1 0 1 1; 0 2 0 0 2 0 2 2 2 2 2 2 2 0 2 0 2 2 0 2 0 2 0 2 2 0 0 2; 0 3 0 0 0 0 3 3 3 3 3 0 3 3 3 3 3 3 3 3 3 3 3 3 3 3 3 3; 0 0 0 3 0 0 3 0 0 3 0 3 3 3 3 3 3 3 3 0 3 3 3 0 3 3 3 3]
[1.00136, 0.262199, 1.15082, 0.178043, 0.438655, 0.945997, 1.27428, 2.23439, 1.11999, 2.07337, 1.2248, 2.03595, 1.81083, 1.07197, 0.490832, 2.1843, 1.34265, 0.255054, 1.69624, 0.339602, 2.00937, 1.17785, 0.1275, 1.82499, 0.0814278, 1.30243, 0.523868, 1.07124]
2066.7649661754713

Found. Horizon: 31.250
COUNTER = 84
Population: 4650 Generations: 81 instr_cr: 0.070 instr_mu: 0.560 delta: 1.162
Upper: 31.2500000 Mid: 28.1250000 Lower: 25.0000000 --- Events: 25
Best profit: 1842.774
Best profit: 1862.005
Best profit: 1834.902
Best profit: 1851.711
Best profit: 1922.350
Trial profit: 1922.350 in 1637.826 seconds. Horizon: 28.125 
[0 1 1 0 0 1 1 0 0 1 0 0 1 0 1 1 0 1 0 0 1 0 0 1 0; 1 0 1 0 0 1 0 0 0 0 1 0 0 1 0 1 0 0 1 0 0 1 0 1 0; 0 2 2 0 0 2 0 2 2 2 2 0 2 0 2 2 2 0 2 0 2 2 0 2 2; 3 3 0 0 3 0 3 3 3 3 3 3 3 0 3 3 3 3 0 3 3 3 3 3 3; 0 0 3 0 0 0 0 3 3 0 3 3 3 3 3 3 3 0 3 0 3 3 3 3 3]
[0.178401, 2.90362, 0.916076, 0.0694735, 1.95802, 0.00504912, 0.288771, 2.18227, 0.22478, 0.613614, 0.229583, 1.81658, 1.29985, 1.33061, 2.16213, 1.28703, 1.40766, 0.637626, 0.260851, 1.76806, 1.4259, 0.10778, 2.0656, 1.90642, 1.07926]
1922.3496228973518

COUNTER = 85
Population: 4699 Generations: 81 instr_cr: 0.060 instr_mu: 0.480 delta: 1.175
Upper: 31.2500000 Mid: 29.6875000 Lower: 28.1250000 --- Events: 26
Best profit: 1992.411
Best profit: 2038.831
Trial profit: 2038.831 in 1659.357 seconds. Horizon: 29.688 
[1 0 0 1 1 1 0 1 0 1 0 1 1 1 0 0 1 0 0 0 1 0 0 1 1 0; 1 0 1 0 1 0 0 0 1 0 1 0 1 0 1 0 1 0 0 0 0 1 0 1 1 0; 2 2 0 2 2 0 0 2 2 2 0 2 2 2 2 0 2 0 0 2 0 2 2 2 0 2; 0 0 0 0 0 0 3 3 0 3 3 0 3 3 3 3 3 3 3 3 3 3 0 3 3 3; 0 3 3 3 3 0 0 3 0 3 3 3 3 3 3 0 3 3 3 0 3 3 0 3 3 3]
[0.0494742, 2.32416, 0.490637, 2.71757, 0.0150656, 0.10848, 2.56121, 0.648917, 1.96289, 1.52962, 0.833702, 2.57276, 2.70435, 0.386651, 0.703716, 1.59447, 0.519849, 0.903843, 0.54615, 0.73832, 0.663982, 2.54552e-5, 2.00073, 0.714297, 1.28553, 1.1111]
2038.8305301864525

Found. Horizon: 29.688
COUNTER = 86
Population: 4749 Generations: 81 instr_cr: 0.050 instr_mu: 0.400 delta: 1.187
Upper: 29.6875000 Mid: 28.9062500 Lower: 28.1250000 --- Events: 25
Best profit: 1900.598
Best profit: 1911.398
Best profit: 1947.195
Best profit: 1930.385
Best profit: 1895.742
Trial profit: 1947.195 in 1713.107 seconds. Horizon: 28.906 
[1 0 1 1 0 1 0 1 0 0 1 1 0 1 0 1 0 0 0 0 1 0 1 1 1; 1 0 1 0 0 1 0 1 0 0 1 0 1 0 1 0 0 0 0 1 0 0 1 1 0; 0 0 0 2 2 2 2 2 0 2 2 2 2 2 0 2 0 2 0 0 2 2 2 0 2; 0 0 3 3 3 3 3 3 3 3 3 3 3 3 3 3 3 3 0 3 3 3 3 3 3; 0 0 3 3 0 0 0 3 3 0 0 0 3 3 3 0 3 3 0 0 3 3 3 3 3]
[0.360725, 2.93521, 0.0985711, 1.74149, 1.4945, 1.08621, 2.24988, 1.28051, 0.553581, 1.58393, 2.79127, 0.545399, 2.12217, 1.19087, 0.831085, 0.229264, 1.8525, 0.034082, 0.0689417, 0.15105, 0.301805, 2.28226, 1.23179, 0.777437, 1.11171]
1947.1947826620185

COUNTER = 87
Population: 4799 Generations: 81 instr_cr: 0.040 instr_mu: 0.320 delta: 1.200
Upper: 29.6875000 Mid: 29.2968750 Lower: 28.9062500 --- Events: 26
Best profit: 1956.582
Best profit: 1913.776
Best profit: 1932.831
Best profit: 1952.869
Best profit: 2028.336
Trial profit: 2028.336 in 1769.247 seconds. Horizon: 29.297 
[1 0 1 1 0 0 1 0 0 1 0 0 1 0 0 1 0 0 1 0 1 0 1 0 1 1; 1 0 1 0 1 0 0 1 0 0 1 0 0 0 0 1 0 0 1 0 0 1 1 0 1 1; 2 0 2 2 2 0 2 0 2 0 2 2 2 2 2 0 2 2 2 2 0 2 2 0 2 2; 3 3 0 3 3 3 3 3 0 3 3 3 3 3 3 3 3 3 3 3 0 3 3 3 3 3; 0 3 3 3 3 3 3 3 3 3 3 0 0 3 0 3 0 0 0 0 0 0 0 0 3 3]
[0.445568, 2.6543, 2.65902, 0.62803, 0.695786, 1.38628, 1.2497, 0.354572, 0.984769, 1.98701, 0.049195, 0.280138, 1.88807, 0.00296162, 1.09233, 0.681229, 0.136055, 2.13554, 1.60586, 1.10783, 0.673717, 2.04338, 1.23327, 0.840919, 1.56358, 0.917776]
2028.335853534909

Found. Horizon: 29.297
COUNTER = 88
Population: 4850 Generations: 82 instr_cr: 0.030 instr_mu: 0.240 delta: 1.212
Upper: 29.2968750 Mid: 29.1015625 Lower: 28.9062500 --- Events: 25
Best profit: 1922.561
Best profit: 1934.790
Best profit: 1973.423
Best profit: 1899.797
Best profit: 1942.764
Trial profit: 1973.423 in 1825.800 seconds. Horizon: 29.102 
[0 1 0 1 0 0 1 1 1 0 0 1 0 0 1 0 1 0 1 0 1 1 0 0 0; 0 1 1 0 0 1 0 1 0 1 0 0 0 1 0 1 0 1 0 1 0 1 0 0 1; 2 2 2 2 2 0 2 2 2 2 0 2 2 2 0 2 0 2 2 0 2 2 0 0 2; 0 0 3 3 3 0 0 3 3 3 3 3 3 0 3 3 3 3 3 3 3 3 3 3 3; 0 0 3 0 0 3 3 3 3 3 3 3 3 0 3 3 3 3 3 3 0 3 3 3 3]
[0.00363908, 2.43437, 0.412685, 1.98151, 0.557953, 0.240053, 2.67759, 2.66829, 0.452142, 1.08879, 1.13533, 0.552001, 0.272316, 1.86378, 0.977785, 1.71191, 0.702795, 2.00739, 1.3171, 0.71057, 2.26014, 0.0599098, 0.0229714, 1.89028, 1.10026]
1973.4227990290924

COUNTER = 89
Population: 4901 Generations: 82 instr_cr: 0.020 instr_mu: 0.160 delta: 1.225
Upper: 29.2968750 Mid: 29.1992188 Lower: 29.1015625 --- Events: 26
Best profit: 2000.000
Trial profit: 2000.000 in 1838.323 seconds. Horizon: 29.199 
[1 0 1 0 1 0 0 1 0 1 0 1 0 1 0 0 0 1 0 0 1 0 0 1 0 0; 1 0 0 1 0 1 0 0 1 0 1 0 1 0 0 1 1 0 0 0 0 0 1 1 0 0; 0 2 0 2 2 0 2 0 2 2 0 2 2 0 2 2 2 0 0 2 0 0 2 2 0 2; 3 3 0 3 3 3 0 3 3 3 3 3 3 0 3 3 3 0 3 3 3 3 3 3 0 3; 0 3 0 0 0 3 3 0 3 3 0 0 0 0 3 3 0 3 3 3 3 3 3 3 0 3]
[0.884316, 1.8076, 0.724114, 1.94728, 1.46791, 0.517447, 0.712042, 2.10765, 1.6287, 1.75573, 0.952406, 2.4281, 1.17099, 0.215878, 1.95959, 0.114754, 0.390963, 0.848966, 0.672489, 1.0357, 0.0910211, 0.492401, 2.13404, 0.279874, 1.7324, 1.12686]
2000.000000000001

Found. Horizon: 29.199
COUNTER = 90
Population: 4953 Generations: 82 instr_cr: 0.010 instr_mu: 0.080 delta: 1.237
Upper: 29.1992188 Mid: 29.1503906 Lower: 29.1015625 --- Events: 26
Best profit: 1930.283
Best profit: 1935.259
Best profit: 1929.552
Best profit: 1999.020
Best profit: 1992.285
Trial profit: 1999.020 in 1898.383 seconds. Horizon: 29.150 
[0 1 1 0 1 0 0 1 0 0 1 0 1 0 0 1 0 0 1 1 0 1 0 0 1 1; 1 0 1 0 0 0 1 0 0 1 0 0 1 0 0 0 1 0 0 1 0 1 0 0 1 0; 0 2 2 2 2 2 2 2 0 2 0 2 0 2 2 0 2 0 2 0 2 2 2 0 2 2; 0 3 0 3 3 0 3 3 0 3 3 3 3 3 3 3 3 3 3 3 3 3 3 3 3 3; 0 0 3 0 0 0 0 0 0 0 0 3 3 3 0 3 3 0 3 3 3 3 3 0 3 3]
[0.146315, 3.18145, 0.589894, 2.13923, 0.447017, 0.152836, 2.06766, 1.06351, 0.404725, 1.19894, 1.62773, 1.0385, 1.09167, 0.172853, 1.40264, 0.705541, 0.690092, 1.26726, 1.89104, 0.64849, 2.0297, 0.162685, 0.523957, 1.69617, 1.79147, 1.01902]
1999.019912606451

COUNTER = 91
Population: 5005 Generations: 82 instr_cr: 0.100 instr_mu: 0.800 delta: 1.250
Upper: 50.0000000 Mid: 25.0000000 Lower: 0.0000000 --- Events: 22
Best profit: 1686.994
Best profit: 1634.539
Best profit: 1609.799
Best profit: 1627.671
Best profit: 1610.739
Trial profit: 1686.994 in 1951.912 seconds. Horizon: 25.000 
[1 0 0 1 1 0 1 0 0 1 0 0 1 0 0 1 0 0 1 0 1 0; 1 0 0 1 0 1 0 1 0 0 1 0 0 1 0 0 0 0 1 0 1 0; 0 2 2 2 2 2 2 0 2 0 2 0 2 2 0 0 2 0 2 0 2 2; 0 0 3 0 3 0 3 3 3 0 3 3 0 3 3 0 3 3 3 0 3 3; 0 0 0 3 3 3 0 0 0 3 3 3 3 3 0 0 3 3 0 3 3 3]
[0.192122, 2.12215, 1.01686, 2.62829, 0.929014, 1.7373, 1.59443, 0.557074, 0.897742, 1.35803, 1.10432, 0.348819, 1.88381, 0.559105, 0.248665, 0.672815, 0.628052, 1.35969, 0.865407, 1.33252, 1.8961, 1.06768]
1686.9935698027343

COUNTER = 92
Population: 5053 Generations: 83 instr_cr: 0.090 instr_mu: 0.720 delta: 1.262
Upper: 50.0000000 Mid: 37.5000000 Lower: 25.0000000 --- Events: 34
Best profit: 2575.392
Trial profit: 2575.392 in 1967.294 seconds. Horizon: 37.500 
[1 0 1 1 1 0 1 0 1 1 0 0 0 1 0 1 0 0 0 0 1 0 0 1 0 0 1 1 0 1 0 1 0 0; 1 0 1 0 1 0 1 0 1 0 0 0 0 1 0 0 0 1 0 0 0 1 1 0 0 1 0 1 0 0 1 0 0 1; 0 2 2 2 2 0 2 2 2 0 0 0 2 2 2 0 0 0 2 0 2 2 0 0 2 2 2 2 0 2 0 2 2 2; 0 0 3 3 3 0 3 3 3 0 3 3 3 3 3 0 0 3 3 3 3 3 3 3 0 3 3 3 3 3 3 3 3 3; 0 3 3 3 0 3 3 3 3 3 3 3 3 3 0 0 3 3 0 3 3 0 3 3 0 3 3 3 3 3 3 0 3 3]
[0.742109, 2.29529, 0.49236, 2.74952, 0.620057, 2.54215, 1.08195, 2.24921, 0.0661577, 0.284078, 0.880899, 0.656728, 1.41491, 2.04409, 0.905247, 0.275464, 0.0602176, 0.385923, 0.763292, 1.37888, 0.792574, 0.139361, 1.73753, 0.139431, 1.99775, 0.525639, 2.70062, 0.0540107, 2.48447, 1.10762, 0.788938, 1.9763, 0.00158357, 1.16563]
2575.392521144307

Found. Horizon: 37.500
COUNTER = 93
Population: 5101 Generations: 83 instr_cr: 0.080 instr_mu: 0.640 delta: 1.275
Upper: 37.5000000 Mid: 31.2500000 Lower: 25.0000000 --- Events: 28
Best profit: 2126.363
Trial profit: 2126.363 in 1980.611 seconds. Horizon: 31.250 
[1 0 1 0 1 0 1 0 1 1 1 1 0 0 1 0 0 1 0 1 0 0 1 0 1 1 1 1; 0 1 0 1 0 0 1 1 0 1 1 0 1 0 0 0 1 0 0 1 0 0 1 0 1 1 0 1; 2 0 2 0 2 0 2 2 2 2 2 2 2 0 2 0 0 2 2 2 0 2 2 0 2 0 0 2; 0 3 0 3 3 3 3 3 3 0 0 0 0 0 0 0 0 0 0 3 3 3 3 3 3 0 3 3; 3 3 0 0 0 3 3 3 0 3 3 3 3 0 3 3 3 3 3 0 3 3 0 3 3 3 3 3]
[0.000366304, 2.20953, 1.12957, 1.30918, 0.725569, 1.30038, 1.8672, 0.784579, 2.54156, 2.67858, 2.65592, 0.670117, 0.898463, 1.05735, 1.23583, 0.135151, 0.713143, 2.26102, 0.088051, 0.513898, 1.78608, 0.286267, 0.354091, 1.6511, 0.167589, 1.2763, 0.0595133, 0.893598]
2126.3629314627615

Found. Horizon: 31.250
COUNTER = 94
Population: 5150 Generations: 83 instr_cr: 0.070 instr_mu: 0.560 delta: 1.287
Upper: 31.2500000 Mid: 28.1250000 Lower: 25.0000000 --- Events: 25
Best profit: 1867.690
Best profit: 1854.509
Best profit: 1844.380
Best profit: 1875.447
Best profit: 1853.045
Trial profit: 1875.447 in 2039.933 seconds. Horizon: 28.125 
[0 1 0 0 1 0 0 0 1 0 1 0 0 1 0 1 0 1 0 0 1 0 1 1 1; 1 0 0 0 0 1 0 0 0 1 0 0 1 1 0 1 0 0 1 0 0 1 0 1 1; 0 0 2 0 0 2 0 0 2 2 2 2 0 2 2 0 2 2 0 0 2 0 2 2 2; 3 0 0 3 3 0 3 0 0 0 0 3 3 3 3 3 3 3 3 3 3 3 3 3 3; 3 0 0 0 3 0 0 0 0 0 3 0 3 3 3 0 0 3 3 3 3 3 3 3 3]
[0.061565, 0.10684, 1.46489, 1.39826, 0.208112, 0.1589, 0.331929, 2.19104, 0.620475, 2.65647, 0.214636, 0.332499, 2.69076, 1.67983, 1.6459, 0.904865, 1.77828, 0.617571, 0.272959, 1.13613, 1.92298, 0.513385, 2.15066, 1.96869, 1.09738]
1875.4466348636258

COUNTER = 95
Population: 5199 Generations: 83 instr_cr: 0.060 instr_mu: 0.480 delta: 1.300
Upper: 31.2500000 Mid: 29.6875000 Lower: 28.1250000 --- Events: 26
Best profit: 1993.040
Best profit: 2024.604
Trial profit: 2024.604 in 2064.399 seconds. Horizon: 29.688 
[1 1 0 0 1 0 1 0 1 1 0 0 0 1 0 0 1 0 1 0 0 0 1 1 1 1; 1 0 0 0 1 0 1 0 1 0 1 1 0 0 1 0 0 0 1 0 0 0 1 1 1 1; 2 0 0 2 2 2 0 2 2 2 2 2 0 2 2 0 0 2 0 2 0 0 2 2 2 2; 3 3 0 0 0 0 3 3 3 3 0 3 3 0 0 3 3 3 3 0 3 3 0 0 3 3; 0 3 0 0 3 3 3 0 3 3 0 0 3 3 3 0 3 3 3 3 3 3 3 3 3 3]
[0.0234441, 0.173432, 2.34501, 0.695185, 2.6121, 0.207812, 1.0463, 2.12347, 2.63969, 0.86546, 0.0274776, 0.537931, 1.22977, 1.8943, 0.311005, 0.460918, 0.988351, 1.57038, 0.447246, 0.390279, 1.13101, 0.694853, 2.51507, 2.11091, 1.67553, 0.970566]
2024.6036914485742

Found. Horizon: 29.688
COUNTER = 96
Population: 5249 Generations: 83 instr_cr: 0.050 instr_mu: 0.400 delta: 1.312
Upper: 29.6875000 Mid: 28.9062500 Lower: 28.1250000 --- Events: 25
Best profit: 1950.801
Best profit: 1932.955
Best profit: 1947.536
Best profit: 1934.350
Best profit: 1974.791
Trial profit: 1974.791 in 2124.813 seconds. Horizon: 28.906 
[1 0 0 1 1 0 0 1 0 1 0 1 0 1 0 1 0 1 0 0 1 0 1 0 1; 1 0 0 1 0 1 0 0 1 0 1 0 0 1 0 1 0 0 0 1 0 0 1 1 1; 0 0 2 0 0 2 0 2 0 2 2 0 2 0 2 2 0 2 0 2 2 0 2 0 2; 0 3 3 0 3 3 3 0 3 0 3 3 3 3 3 3 3 3 0 3 3 3 3 3 3; 3 3 3 3 0 0 3 0 0 0 0 3 3 3 3 3 3 0 0 3 3 3 3 3 3]
[0.459889, 1.51025, 0.734582, 2.67176, 0.629755, 0.984217, 1.05118, 1.39295, 1.2461, 2.08709, 0.581135, 1.45213, 1.29064, 0.587676, 2.32577, 1.35668, 0.762875, 0.107696, 1.89401, 0.114697, 0.845862, 1.70358, 0.0812077, 1.91794, 1.11656]
1974.7908847288256

COUNTER = 97
Population: 5299 Generations: 84 instr_cr: 0.040 instr_mu: 0.320 delta: 1.325
Upper: 29.6875000 Mid: 29.2968750 Lower: 28.9062500 --- Events: 26
Best profit: 1939.704
Best profit: 2017.180
Trial profit: 2017.180 in 2151.006 seconds. Horizon: 29.297 
[1 1 0 1 1 0 1 1 0 1 0 1 0 0 1 0 0 1 0 1 0 1 0 1 0 1; 1 0 0 1 0 1 0 1 0 0 1 0 0 1 0 0 1 0 0 0 1 1 0 1 0 0; 0 2 2 2 2 0 2 0 2 0 2 0 2 0 2 0 2 0 2 0 2 2 0 0 0 2; 0 0 0 3 3 3 3 3 0 3 3 3 0 3 3 3 3 3 3 0 3 3 0 3 3 3; 3 0 0 3 0 3 3 3 3 3 3 3 0 0 3 0 3 3 3 3 3 3 3 0 0 3]
[0.647988, 1.29457, 1.37059, 2.66, 0.965415, 1.66155, 1.86831, 1.23645, 1.41296, 0.848343, 1.76869, 0.790874, 0.768684, 1.10125, 0.398427, 1.85308, 0.324364, 1.64171, 0.963787, 0.628766, 2.01493, 0.38565, 0.519665, 0.202508, 0.866572, 1.10175]
2017.1804194861734

Found. Horizon: 29.297
COUNTER = 98
Population: 5350 Generations: 84 instr_cr: 0.030 instr_mu: 0.240 delta: 1.337
Upper: 29.2968750 Mid: 29.1015625 Lower: 28.9062500 --- Events: 25
Best profit: 1952.478
Best profit: 1938.857
Best profit: 1975.975
Best profit: 1943.085
Best profit: 1954.238
Trial profit: 1975.975 in 2215.029 seconds. Horizon: 29.102 
[1 0 1 1 0 1 0 0 1 0 0 1 0 0 1 0 0 1 0 0 1 0 1 1 0; 1 0 1 1 0 1 0 0 0 1 0 0 1 0 0 0 1 0 1 0 0 1 0 1 1; 2 0 2 2 0 2 0 2 2 0 2 0 2 0 2 0 0 2 2 2 0 2 0 2 2; 0 0 3 3 3 0 0 0 3 0 3 3 3 3 3 0 0 3 3 3 3 3 3 3 3; 3 3 0 3 3 0 3 3 3 3 3 3 3 0 3 0 3 3 3 3 0 3 3 3 3]
[1.47935, 1.39361, 3.31442, 1.46861, 1.47202, 0.323506, 2.01489, 0.458842, 0.353696, 1.08824, 1.49195, 0.703573, 0.00411359, 1.96199, 0.588645, 0.738014, 1.33752, 2.01019, 0.261738, 0.358793, 1.71946, 1.15468, 0.701298, 1.70555, 0.996871]
1975.974698331803

COUNTER = 99
Population: 5401 Generations: 84 instr_cr: 0.020 instr_mu: 0.160 delta: 1.350
Upper: 29.2968750 Mid: 29.1992188 Lower: 29.1015625 --- Events: 26
Best profit: 1941.783
Best profit: 1960.431
Best profit: 1989.646
Best profit: 2018.081
Trial profit: 2018.081 in 2269.030 seconds. Horizon: 29.199 
[1 0 1 1 0 1 0 0 1 0 0 0 1 0 1 0 1 0 0 1 0 1 0 1 0 1; 1 0 1 0 1 0 0 1 0 0 0 1 0 0 1 0 1 0 0 0 1 0 0 1 0 1; 2 2 0 2 0 2 2 0 0 2 0 2 0 2 0 2 2 2 0 2 0 2 0 2 0 2; 0 3 3 3 0 3 0 3 3 3 3 3 0 3 3 3 3 3 0 3 0 3 3 3 3 3; 3 3 0 0 3 0 0 0 3 0 3 0 3 3 3 3 3 3 3 0 0 3 3 3 3 3]
[0.374199, 2.3076, 2.60629, 0.688481, 1.97995, 1.22808, 0.280487, 1.19122, 0.467223, 1.25094, 0.67245, 0.362708, 1.69517, 1.12681, 1.03166, 2.10936, 0.126229, 1.19904, 1.37737, 0.632687, 1.3741, 0.28808, 1.7121, 0.73496, 1.27032, 1.11169]
2018.081136241613

Found. Horizon: 29.199
COUNTER = 100
Population: 5453 Generations: 85 instr_cr: 0.010 instr_mu: 0.080 delta: 1.362
Upper: 29.1992188 Mid: 29.1503906 Lower: 29.1015625 --- Events: 26
Best profit: 1963.107
Best profit: 1956.368
Best profit: 1953.366
Best profit: 1932.659
Best profit: 1935.722
Trial profit: 1963.107 in 2334.153 seconds. Horizon: 29.150 
[0 1 1 1 1 1 0 1 0 0 1 0 1 0 1 0 1 0 1 1 0 1 0 1 1 0; 0 1 0 0 1 1 0 1 0 0 0 1 0 1 0 0 1 0 1 0 1 0 0 0 0 0; 2 0 0 0 2 2 2 2 0 0 2 2 2 2 0 2 2 0 2 2 0 2 0 2 2 2; 0 3 3 3 3 0 3 3 3 3 3 0 3 3 0 3 3 3 0 0 3 3 3 3 3 3; 0 0 0 3 3 0 0 0 0 0 3 3 3 3 3 0 3 3 3 3 3 3 3 3 3 3]
[0.000185384, 0.411369, 0.037763, 2.77529, 2.82381, 0.211006, 2.61908, 0.202131, 1.28246, 1.1317, 0.720184, 1.92437, 1.75865, 0.895003, 1.129, 1.5217, 1.85561, 1.1134, 2.02719, 1.30766, 0.430034, 1.20617, 0.69447, 1.06885, 0.00334034, 0.0]
1963.1069766932296

Shortest horizon found: 29.1992188 in 2334.153 seconds
