Upper bound: 50.000

COUNTER = 1
Population: 1000 Generations: 62
Upper: 50.0000000 Mid: 25.0000000 Lower: 0.0000000 --- Events: 22
Best profit: 1613.311
Best profit: 1574.853
Best profit: 1601.082
Best profit: 1615.766
Best profit: 1565.222
Trial profit: 1615.766 in 8.334 seconds. Horizon: 25.000 
[1 0 1 0 1 1 0 0 1 0 0 0 1 1 0 1 1 0 0 0 1 0; 1 1 0 0 1 1 0 0 0 1 0 0 0 0 1 1 1 1 0 0 1 0; 0 2 0 2 2 2 0 2 0 0 2 0 2 0 2 2 2 0 0 0 2 2; 3 0 3 3 3 3 3 0 3 3 3 0 3 0 3 3 3 3 3 0 3 3; 0 0 3 0 0 0 0 3 3 3 3 3 3 3 0 0 3 0 0 0 3 3]
[2.64858, 0.251309, 1.55127, 1.47046, 3.07145, 0.428829, 0.997518, 1.23782, 0.682657, 0.309329, 0.126899, 1.54135, 0.263098, 1.36122, 2.12368, 2.66765, 0.0944505, 0.367444, 0.574012, 0.964147, 1.41386, 0.852966]
1615.7657494023968

COUNTER = 2
Population: 1117 Generations: 63
Upper: 50.0000000 Mid: 37.5000000 Lower: 25.0000000 --- Events: 34
Best profit: 2466.743
Trial profit: 2466.743 in 11.092 seconds. Horizon: 37.500 
[1 1 0 0 1 1 0 1 0 1 0 1 0 0 1 1 1 0 0 0 0 1 0 0 1 0 1 0 0 1 1 0 1 1; 1 0 0 0 1 1 0 1 0 1 0 1 0 0 0 1 1 0 0 0 0 1 0 0 1 0 0 1 0 1 1 1 0 0; 2 0 0 0 2 2 2 2 0 2 2 2 2 2 2 2 2 0 0 2 0 0 2 0 2 2 2 0 2 2 0 0 2 2; 0 3 0 3 0 0 0 0 0 0 0 3 3 0 3 3 3 3 3 0 3 3 0 3 0 0 0 3 3 3 3 3 3 3; 0 0 3 3 0 0 0 0 0 3 3 3 3 0 0 3 3 0 3 3 0 0 3 3 3 3 3 3 0 3 0 3 3 3]
[0.477317, 0.0598662, 1.37187, 1.26068, 3.37975, 1.81574, 0.875412, 1.31406, 1.58296, 1.27035, 1.89687, 2.28502, 0.120084, 0.146946, 2.00071, 2.73635, 0.758847, 1.06732, 0.357903, 0.396582, 0.103094, 0.840547, 1.73139, 0.106061, 0.15956, 2.23829, 0.895708, 0.634472, 1.79086, 0.210687, 0.563184, 0.967337, 1.28063, 0.803551]
2466.7434296455826

Found. Horizon: 37.500
COUNTER = 3
Population: 1247 Generations: 64
Upper: 37.5000000 Mid: 31.2500000 Lower: 25.0000000 --- Events: 28
Best profit: 2055.945
Trial profit: 2055.945 in 13.802 seconds. Horizon: 31.250 
[0 1 1 0 0 1 0 1 0 1 0 1 0 1 0 0 1 0 0 1 0 1 0 0 1 1 1 1; 1 0 0 0 1 0 0 0 1 0 1 0 0 1 0 1 0 0 1 0 0 1 0 0 1 1 1 0; 2 0 2 2 0 0 2 2 2 2 0 2 0 2 0 2 0 2 2 0 2 2 0 2 2 2 0 2; 3 3 0 0 0 3 0 3 0 3 3 3 3 3 3 3 3 3 0 3 3 3 3 3 3 3 3 3; 0 0 0 3 0 0 0 3 3 3 3 3 3 3 3 3 3 0 3 3 3 3 3 3 3 0 3 3]
[0.424211, 0.253175, 0.520107, 2.06252, 0.12853, 0.23485, 2.43427, 0.549146, 2.10508, 1.76369, 0.72537, 0.779173, 1.89824, 0.574923, 2.06807, 1.19554, 0.992791, 0.385304, 1.38709, 1.52739, 0.343116, 1.45629, 0.518606, 1.44757, 2.3432, 0.272757, 1.74796, 1.11101]
2055.944706712117

Found. Horizon: 31.250
COUNTER = 4
Population: 1392 Generations: 64
Upper: 31.2500000 Mid: 28.1250000 Lower: 25.0000000 --- Events: 25
Best profit: 1878.762
Best profit: 1857.989
Best profit: 1853.316
Best profit: 1885.166
Best profit: 1898.267
Trial profit: 1898.267 in 26.973 seconds. Horizon: 28.125 
[1 1 0 1 0 0 1 1 1 0 1 0 1 0 0 1 0 0 0 1 0 1 1 0 0; 1 0 1 1 0 0 1 0 1 0 1 0 0 1 0 0 0 1 0 0 0 1 1 1 1; 0 0 2 2 2 0 2 2 2 2 0 2 2 2 0 2 0 0 0 2 0 2 0 0 2; 3 0 3 3 3 0 0 3 3 3 0 3 3 0 3 3 0 3 0 3 3 3 3 0 3; 0 3 0 0 0 0 0 0 0 3 3 0 3 3 3 3 3 0 3 3 3 0 3 0 3]
[2.69886, 0.47138, 2.68361, 2.25367, 0.408353, 0.666751, 3.08239, 0.239674, 2.11972, 0.787731, 0.73696, 1.93247, 0.59258, 0.216991, 1.85831, 0.371814, 0.701892, 0.497493, 0.696962, 1.29459, 0.71764, 1.00946, 0.507723, 0.47195, 1.10604]
1898.2666735702803

COUNTER = 5
Population: 1554 Generations: 65
Upper: 31.2500000 Mid: 29.6875000 Lower: 28.1250000 --- Events: 26
Best profit: 1994.653
Best profit: 1960.892
Best profit: 2008.140
Trial profit: 2008.140 in 36.327 seconds. Horizon: 29.688 
[1 1 1 0 0 0 1 1 1 0 1 0 0 1 0 0 0 0 0 1 0 0 1 0 1 1; 1 1 0 0 1 0 0 1 1 0 0 1 0 0 0 0 1 0 0 0 1 0 0 0 1 1; 0 2 2 2 0 0 2 2 2 2 0 2 2 2 0 0 0 0 2 0 2 0 2 0 2 2; 0 0 3 0 3 3 0 0 3 3 0 0 3 3 0 3 0 0 3 0 3 0 3 3 3 3; 3 0 3 3 3 3 3 3 3 3 0 0 0 3 3 3 0 3 0 3 3 3 3 0 3 3]
[2.78312, 2.14436, 0.834271, 0.836198, 0.160833, 0.478359, 2.69788, 3.27011, 2.40347, 0.286445, 0.389722, 0.0804839, 2.18228, 0.154361, 0.578532, 0.286886, 0.535793, 0.752094, 0.394154, 1.599, 0.457062, 1.28136, 0.959847, 1.02171, 2.00001, 1.11916]
2008.139612141105

Found. Horizon: 29.688
COUNTER = 6
Population: 1735 Generations: 66
Upper: 29.6875000 Mid: 28.9062500 Lower: 28.1250000 --- Events: 25
Best profit: 1863.382
Best profit: 1865.549
Best profit: 1866.045
Best profit: 1943.212
Best profit: 1889.541
Trial profit: 1943.212 in 52.849 seconds. Horizon: 28.906 
[1 1 1 0 0 0 1 0 1 0 1 0 1 0 1 0 0 1 0 1 0 0 1 1 0; 1 0 1 0 0 0 1 0 1 0 0 1 0 0 1 0 0 0 1 0 0 1 1 1 0; 2 0 2 0 0 2 2 0 2 2 2 0 2 0 2 0 2 0 2 2 0 2 2 0 2; 0 3 0 3 0 3 3 3 3 3 3 3 3 3 3 3 0 3 3 3 3 0 3 3 3; 0 3 3 0 3 3 3 0 3 3 0 3 0 0 3 3 3 0 3 0 3 3 3 3 3]
[3.18186, 0.153036, 0.762709, 0.13354, 0.312567, 2.09364, 0.991794, 2.26654, 2.14208, 0.515455, 1.09677, 1.22806, 0.698598, 1.75233, 0.594346, 1.28544, 0.797152, 0.6281, 1.99407, 0.920318, 0.450996, 1.98822, 1.42663, 0.440729, 1.05128]
1943.2122254498324

COUNTER = 7
Population: 1937 Generations: 67
Upper: 29.6875000 Mid: 29.2968750 Lower: 28.9062500 --- Events: 26
Best profit: 1936.135
Best profit: 1965.749
Best profit: 1951.066
Best profit: 1953.794
Best profit: 1963.205
Trial profit: 1965.749 in 72.864 seconds. Horizon: 29.297 
[1 1 0 1 1 1 0 1 0 1 0 0 1 0 0 0 1 0 0 1 0 1 0 0 1 1; 1 1 0 1 0 1 0 0 1 0 1 0 1 0 0 0 0 0 1 0 0 1 0 0 1 1; 2 0 2 0 2 2 2 2 2 2 0 2 0 2 0 0 0 0 2 2 0 2 0 2 2 2; 0 0 0 0 0 0 3 0 3 3 0 3 3 3 3 3 0 0 3 3 3 3 3 3 3 3; 0 3 3 0 0 3 3 3 0 3 3 0 3 3 0 3 0 3 0 0 0 0 0 3 0 3]
[2.72849, 1.31101, 1.40549, 0.402907, 2.77542, 1.52225, 1.248, 0.352868, 2.32304, 0.989467, 0.921388, 1.20591, 0.90922, 0.463372, 0.261865, 0.782092, 0.205429, 0.713628, 1.60562, 0.147693, 1.85079, 1.31757, 0.97221, 0.085575, 1.78157, 1.01401]
1965.7490354240813

COUNTER = 8
Population: 2162 Generations: 68
Upper: 29.6875000 Mid: 29.4921875 Lower: 29.2968750 --- Events: 26
Best profit: 1971.649
Best profit: 1895.558
Best profit: 1955.719
Best profit: 1954.689
Best profit: 1951.602
Trial profit: 1971.649 in 95.799 seconds. Horizon: 29.492 
[1 1 0 0 1 0 0 0 0 1 1 0 1 1 1 0 0 1 1 0 1 1 0 1 1 0; 1 0 1 0 0 0 0 0 1 0 1 0 1 1 0 0 1 0 1 1 0 1 1 1 1 0; 2 2 2 0 0 2 0 0 0 2 2 2 2 2 0 2 0 2 2 0 2 2 0 0 2 0; 3 3 0 0 0 3 3 0 0 3 3 3 0 3 3 3 3 0 0 3 3 3 3 3 3 3; 3 3 3 3 0 3 3 0 0 3 0 3 3 3 0 3 3 3 3 3 0 3 0 3 3 3]
[2.17606, 1.33583, 0.886546, 0.441724, 1.0411, 0.532917, 0.127537, 0.285272, 0.681045, 2.65579, 2.00122, 1.25802, 3.0337, 0.185069, 1.2257, 1.33578, 0.891725, 2.43801, 1.96075, 0.373901, 2.00054, 0.112168, 0.17615, 1.36966, 0.960791, 0.00518101]
1971.6489166864699

COUNTER = 9
Population: 2414 Generations: 69
Upper: 29.6875000 Mid: 29.5898438 Lower: 29.4921875 --- Events: 26
Best profit: 2057.814
Trial profit: 2057.814 in 101.304 seconds. Horizon: 29.590 
[1 0 1 0 0 1 0 1 1 0 0 1 0 1 0 1 0 0 1 0 0 1 1 0 0 0; 1 0 0 1 0 0 1 0 1 0 0 0 1 0 1 0 1 0 0 1 0 0 1 1 1 1; 2 2 0 2 0 2 0 2 2 2 0 0 2 2 2 2 2 0 0 2 0 2 2 0 0 2; 0 0 0 0 3 0 3 3 3 3 3 0 3 3 3 3 3 3 3 0 0 3 3 0 3 3; 3 3 0 0 0 0 0 0 3 3 0 3 0 0 3 3 3 3 3 3 3 3 3 0 3 3]
[0.72245, 1.82947, 0.835716, 0.387589, 1.42773, 1.55879, 1.09073, 2.24363, 1.53842, 0.743979, 0.346903, 0.704355, 1.9672, 1.3753, 2.03018, 1.30234, 0.843768, 0.626957, 1.27408, 1.18027, 0.469833, 1.97733, 0.492055, 0.71783, 0.778159, 1.12477]
2057.8137821528703

Found. Horizon: 29.590
COUNTER = 10
Population: 2695 Generations: 71
Upper: 29.5898438 Mid: 29.5410156 Lower: 29.4921875 --- Events: 26
Best profit: 1840.950
Best profit: 1933.622
Best profit: 1967.576
Best profit: 2010.988
Trial profit: 2010.988 in 125.188 seconds. Horizon: 29.541 
[1 0 1 1 0 1 0 1 0 1 1 0 0 1 0 1 0 0 1 0 1 0 1 1 1 1; 1 1 1 0 1 0 1 0 1 0 0 1 0 0 1 1 0 0 1 0 0 0 1 1 0 1; 0 2 2 2 2 2 2 2 2 2 2 0 2 0 2 2 0 2 2 2 0 0 2 0 0 2; 3 3 0 3 3 3 3 3 3 0 3 3 3 3 0 3 0 3 3 3 3 0 0 0 3 3; 0 0 0 0 3 0 3 3 3 3 3 3 3 3 0 0 3 3 3 3 0 0 3 3 3 3]
[0.00208946, 2.89515, 1.87447, 1.44629, 1.22869, 2.03256, 0.627699, 2.44799, 0.226741, 2.59161, 0.485764, 1.18923, 1.57829, 0.353611, 2.30859, 0.530036, 1.50365, 0.627186, 2.48319, 0.0603448, 0.0064323, 0.00466325, 0.491841, 0.16153, 1.28282, 1.10054]
2010.987994893891

Found. Horizon: 29.541
Shortest horizon found: 29.5410156 in 125.188 seconds
