P:1 Horizon: 10.000 Events: 5.000
Total Time: 98.540149 Optimal Fitness: 200.000000 [1 0 1 1 1; 2 2 2 0 2; 0 0 3 3 3; 4 0 4 0 4][1.12845, 1.23552, 2.97132, 1.74187, 2.92284]
P:2 Horizon: 10.000 Events: 6.000
Total Time: 105.710239 Optimal Fitness: 200.000000 [1 1 1 1 0 0; 2 2 2 0 2 0; 3 3 3 3 3 3; 0 4 4 4 0 4][2.37297, 3.40297, 1.10235, 2.3569, 0.5381, 0.226717]
P:3 Horizon: 10.000 Events: 7.000
Total Time: 114.843172 Optimal Fitness: 200.000000 [1 0 1 0 1 0 1; 0 2 2 0 0 2 2; 3 3 3 3 0 3 3; 0 4 4 4 0 4 4][1.79306, 0.734945, 1.60354, 0.604405, 1.83074, 0.502903, 2.9304]
P:4 Horizon: 10.000 Events: 8.000
Total Time: 122.511223 Optimal Fitness: 200.000000 [1 0 1 1 0 1 1 0; 0 0 2 0 0 2 2 2; 0 0 0 3 3 3 0 0; 0 4 4 0 0 4 0 4][1.10972, 1.2781, 0.55597, 1.72116, 1.47341, 1.07102, 2.08471, 0.705905]
P:5 Horizon: 10.000 Events: 9.000
Total Time: 130.117891 Optimal Fitness: 200.000000 [1 0 0 0 1 1 0 1 0; 0 2 0 0 2 0 0 0 2; 3 0 0 3 3 3 3 3 3; 0 0 4 4 4 0 4 4 4][0.105799, 0.993673, 0.717256, 1.49891, 0.970501, 1.08776, 0.858818, 0.43061, 3.33668]
P:6 Horizon: 10.000 Events: 10.000
Total Time: 138.751882 Optimal Fitness: 200.000000 [1 0 1 1 0 1 1 1 1 0; 2 0 2 0 0 0 0 2 0 0; 3 0 3 3 0 3 3 3 0 3; 4 4 4 4 0 4 0 4 4 0][0.586133, 1.817, 0.55204, 0.581398, 0.220123, 0.951264, 1.22116, 3.15028, 0.0859548, 0.834635]
P:7 Horizon: 10.000 Events: 11.000
Total Time: 152.576234 Optimal Fitness: 200.000000 [1 1 0 0 0 1 0 0 1 1 1; 0 2 2 0 0 0 2 0 2 0 0; 0 3 0 3 0 3 3 3 0 0 3; 0 0 4 0 4 4 0 4 4 0 4][2.3401, 0.718273, 1.42419, 0.160447, 1.17976, 0.442278, 0.622786, 0.102628, 2.6553, 0.292415, 0.0618218]
P:8 Horizon: 10.000 Events: 12.000
Total Time: 154.671981 Optimal Fitness: 200.000000 [1 0 0 1 1 1 0 1 1 1 1 0; 0 0 0 0 2 0 0 0 0 2 2 2; 0 0 3 3 0 3 3 0 3 0 3 0; 0 4 4 4 0 0 0 0 0 4 0 4][0.252393, 0.196215, 1.93583, 0.440291, 0.53018, 0.699884, 0.795053, 0.537928, 0.619595, 2.72806, 1.14966, 0.114907]
P:9 Horizon: 10.000 Events: 13.000
Total Time: 167.201809 Optimal Fitness: 200.000000 [0 1 0 0 1 0 0 0 1 0 1 0 0; 2 2 0 0 2 0 0 0 0 2 2 0 2; 0 3 3 0 0 0 3 3 0 0 3 3 3; 0 4 4 4 4 4 4 4 4 4 4 0 4][0.16706, 1.87554, 0.785421, 0.557999, 0.503528, 0.724492, 1.10392, 0.308458, 0.55116, 0.309336, 1.58309, 1.38431, 0.145692]
P:10 Horizon: 10.000 Events: 14.000
Total Time: 172.841496 Optimal Fitness: 200.000000 [1 1 0 1 1 0 0 0 1 0 1 0 1 0; 2 2 0 2 0 0 0 2 2 0 2 2 0 0; 3 3 0 3 0 3 0 3 3 0 3 3 0 3; 0 0 0 0 4 0 0 4 0 0 4 0 4 4][0.0207385, 0.719278, 1.64907, 0.178463, 0.824291, 0.326621, 1.89028, 1.3122, 0.465984, 1.10323, 0.623191, 0.114654, 0.375201, 0.396813]
P:11 Horizon: 10.000 Events: 15.000
Total Time: 184.673189 Optimal Fitness: 200.000000 [1 1 0 1 0 0 1 1 0 0 0 1 0 1 1; 0 0 0 0 0 2 2 0 0 2 0 0 2 2 2; 3 0 3 0 3 3 3 3 3 3 0 3 3 0 0; 0 4 4 0 0 4 4 4 0 4 0 0 0 0 4][0.00917846, 0.227873, 0.196028, 1.52052, 0.891916, 0.0479389, 0.787364, 1.94806, 1.26041, 0.642938, 0.921009, 0.599099, 0.479005, 0.302338, 0.166316]
