P:1 Horizon: 10.000 Events: 5.000
Total Time: 102.718718 Optimal Fitness: 200.000000 [1 1 0 1 1; 2 2 0 0 2; 0 3 3 3 3; 0 0 4 0 4][2.4217, 2.57859, 0.326259, 1.69061, 2.98284]
P:2 Horizon: 10.000 Events: 6.000
Total Time: 112.711056 Optimal Fitness: 200.000000 [1 0 1 0 1 1; 0 0 2 0 0 2; 0 3 3 3 3 3; 4 0 0 4 0 4][1.99474, 1.37158, 1.55475, 1.3365, 0.427106, 3.31533]
P:3 Horizon: 10.000 Events: 7.000
Total Time: 121.894712 Optimal Fitness: 200.000000 [0 1 0 0 0 1 1; 0 0 2 0 0 0 2; 0 0 3 3 3 0 3; 4 0 4 0 4 0 4][0.232902, 3.03877, 0.222601, 1.02537, 0.749647, 1.45838, 3.27233]
P:4 Horizon: 10.000 Events: 8.000
Total Time: 123.965488 Optimal Fitness: 200.000000 [1 0 0 1 1 1 1 0; 0 0 0 2 0 0 2 2; 0 0 0 3 3 3 0 3; 0 4 4 4 0 0 0 4][0.86403, 1.93532, 0.53708, 1.19118, 1.50135, 0.51545, 0.361444, 3.09414]
P:5 Horizon: 10.000 Events: 9.000
Total Time: 132.854664 Optimal Fitness: 200.000000 [0 1 0 1 1 1 1 0 0; 0 0 0 2 0 0 2 0 0; 3 0 3 0 3 3 3 3 3; 4 0 0 0 0 4 4 0 4][0.380458, 0.351919, 2.05222, 0.108557, 1.90564, 1.18294, 0.574377, 0.0270984, 3.41679]
P:6 Horizon: 10.000 Events: 10.000
Total Time: 136.439148 Optimal Fitness: 200.000000 [1 0 1 1 1 1 1 1 1 1; 2 0 2 0 0 0 0 2 2 2; 0 3 0 3 0 3 0 3 3 3; 4 0 0 4 4 4 4 4 4 4][1.35008, 0.994419, 0.628484, 0.112476, 1.59702, 0.508995, 0.709294, 3.32481, 0.359464, 0.414967]
P:7 Horizon: 10.000 Events: 11.000
Total Time: 145.024020 Optimal Fitness: 200.000000 [1 1 1 0 0 1 0 1 0 0 1; 2 2 0 0 0 0 0 2 2 0 2; 3 3 3 0 3 3 0 3 3 3 3; 0 4 0 0 4 0 4 4 0 4 0][2.82237, 1.0572, 0.1778, 1.3828, 0.325461, 0.135541, 0.294867, 2.36235, 0.488595, 0.68378, 0.269231]
P:8 Horizon: 10.000 Events: 12.000
Total Time: 153.468324 Optimal Fitness: 200.000000 [1 0 0 1 0 0 0 1 1 0 0 0; 0 2 2 0 2 0 2 0 0 2 2 2; 0 0 0 0 3 3 3 0 3 3 0 3; 0 0 4 4 4 4 4 0 0 4 0 0][1.6822, 0.429741, 0.615273, 0.0596758, 2.42985, 1.04156, 0.464622, 0.182735, 2.59062, 0.189695, 0.117126, 0.196907]
P:9 Horizon: 10.000 Events: 13.000
Total Time: 161.880057 Optimal Fitness: 200.000000 [1 0 0 1 1 1 0 0 1 0 0 0 0; 0 2 2 2 2 0 0 2 2 0 2 0 0; 3 3 3 3 0 0 3 3 0 3 3 3 0; 4 4 4 0 0 4 4 4 0 0 0 0 4][0.158904, 0.972911, 1.67936, 0.1669, 0.419418, 1.38342, 1.558, 0.0740042, 1.01868, 0.541167, 0.348657, 1.32891, 0.349667]
P:10 Horizon: 10.000 Events: 14.000
Total Time: 170.451228 Optimal Fitness: 200.000000 [1 0 1 0 1 0 0 1 0 1 1 1 0 0; 2 2 2 0 0 0 0 0 2 2 2 0 0 0; 3 3 0 0 3 3 0 0 3 0 0 0 3 0; 4 4 0 0 4 0 0 0 4 0 0 4 0 0][1.31391, 1.16434, 0.887707, 0.161283, 1.29202, 0.583937, 0.310407, 0.205353, 1.3516, 0.627142, 1.39971, 0.277722, 0.0817994, 0.343081]
P:11 Horizon: 10.000 Events: 15.000
Total Time: 176.693827 Optimal Fitness: 200.000000 [1 0 1 1 0 0 0 1 1 0 0 1 1 0 0; 0 0 0 2 2 0 0 0 0 0 2 2 0 0 2; 0 3 3 3 0 0 3 3 0 0 3 3 0 3 3; 4 4 4 4 4 0 0 4 0 0 4 0 4 4 4][0.666289, 1.67037, 0.277635, 0.308644, 0.363393, 0.44311, 1.40914, 0.111986, 0.526464, 0.360057, 0.284097, 2.93833, 0.087598, 0.366916, 0.185959]
