P:1 Horizon: 10.000 Events: 5.000
Total Time: 90.275538 Optimal Fitness: 200.000000 [1 1 0 0 0; 2 2 0 0 2; 0 3 3 0 3; 4 4 0 4 4][2.92219, 1.43022, 0.687345, 1.18072, 3.77952]
P:2 Horizon: 10.000 Events: 6.000
Total Time: 97.145079 Optimal Fitness: 200.000000 [1 1 1 1 0 0; 0 0 2 2 0 2; 3 3 3 3 3 3; 0 4 4 4 4 4][0.112379, 2.50608, 0.744463, 2.641, 1.03607, 2.96001]
P:3 Horizon: 10.000 Events: 7.000
Total Time: 104.639430 Optimal Fitness: 200.000000 [1 1 1 0 0 1 0; 2 2 2 0 0 2 0; 3 3 3 3 3 3 0; 4 4 0 4 4 0 4][1.01925, 2.67231, 1.42533, 0.822114, 0.992019, 0.178769, 2.89021]
P:4 Horizon: 10.000 Events: 8.000
Total Time: 114.194731 Optimal Fitness: 200.000000 [1 1 0 0 1 1 0 0; 2 2 0 0 2 2 2 0; 3 3 3 3 0 3 0 3; 4 0 4 0 0 4 4 4][2.36131, 0.300926, 2.65299, 0.716113, 0.298312, 0.447359, 2.83952, 0.383475]
P:5 Horizon: 10.000 Events: 9.000
Total Time: 122.693853 Optimal Fitness: 200.000000 [1 0 1 0 1 0 1 1 1; 2 0 2 2 2 2 0 0 2; 3 3 3 0 3 3 0 3 3; 0 0 0 4 0 0 0 4 4][1.44835, 1.15099, 0.7669, 0.365166, 0.0251869, 0.787383, 0.746272, 1.73073, 2.97903]
P:6 Horizon: 10.000 Events: 10.000
Total Time: 132.955548 Optimal Fitness: 200.000000 [1 1 0 1 1 0 0 0 0 1; 0 2 2 2 0 0 0 2 2 0; 0 3 3 3 0 3 3 3 3 3; 4 4 4 0 0 4 0 4 0 4][0.71399, 1.70563, 0.71369, 0.53417, 1.28725, 0.0092271, 1.35941, 2.73283, 0.519171, 0.42464]
P:7 Horizon: 10.000 Events: 11.000
Total Time: 140.198202 Optimal Fitness: 200.000000 [0 1 0 0 0 0 1 1 0 1 1; 0 0 2 0 0 0 2 0 0 0 2; 3 3 3 3 0 3 3 3 3 3 3; 0 4 0 4 0 4 4 0 4 4 4][0.296421, 0.583042, 0.995833, 0.1453, 0.409764, 1.17258, 0.648412, 1.51275, 1.2488, 0.143362, 2.84373]
P:8 Horizon: 10.000 Events: 12.000
Total Time: 147.763650 Optimal Fitness: 200.000000 [1 0 1 0 0 0 0 1 0 0 0 1; 0 0 2 0 0 0 0 2 0 2 2 0; 3 3 3 3 0 0 0 3 0 0 0 3; 4 0 0 4 0 0 4 4 0 4 0 4][1.78646, 0.662199, 2.0836, 0.341062, 0.312575, 0.264335, 0.463724, 2.16344, 0.708285, 0.0958072, 0.390463, 0.728053]
P:9 Horizon: 10.000 Events: 13.000
Total Time: 157.620817 Optimal Fitness: 200.000000 [0 0 1 0 1 1 1 0 1 1 1 0 0; 2 0 0 0 2 0 0 0 0 0 2 2 0; 3 3 3 3 3 0 3 3 0 3 3 0 3; 0 4 0 0 4 0 4 0 4 0 4 0 4][0.732117, 0.253689, 0.401543, 2.05596, 0.42801, 1.00412, 0.142078, 0.478663, 0.910469, 0.349833, 2.64758, 0.25366, 0.342271]
P:10 Horizon: 10.000 Events: 14.000
Total Time: 162.781713 Optimal Fitness: 200.000000 [1 1 0 0 0 0 1 1 0 1 0 1 0 0; 2 0 0 2 0 0 0 2 0 0 0 0 2 2; 0 3 3 0 3 0 0 3 0 3 3 0 0 3; 0 4 4 4 0 0 0 4 4 4 0 4 0 4][0.391931, 0.340405, 0.0100496, 1.06579, 0.964432, 0.347345, 0.0975342, 0.0443125, 0.390702, 2.30057, 0.277207, 0.377313, 0.354475, 3.03793]
P:11 Horizon: 10.000 Events: 15.000
Total Time: 172.265712 Optimal Fitness: 200.000000 [1 1 0 0 0 0 1 1 0 1 0 0 0 1 1; 0 0 0 0 2 0 2 0 0 0 2 2 2 0 2; 0 0 3 0 0 3 3 3 3 3 3 3 0 3 0; 0 4 0 0 0 4 4 0 0 4 4 4 4 0 4][0.0358719, 0.339677, 1.16572, 0.133532, 0.427797, 0.281359, 0.649742, 0.422453, 1.51869, 1.22773, 0.0469201, 0.309354, 0.821857, 2.05149, 0.567807]
