P:1 Horizon: 5.000 Events: 5.000
Total Time: 70.628198 Optimal Fitness: 0.000000 [0 0 0 0 0; 0 0 0 0 0; 0 0 0 0 0; 0 0 0 0 0][0.0, 0.0, 0.0, 0.0, 0.0]
P:2 Horizon: 10.000 Events: 5.000
Total Time: 96.773243 Optimal Fitness: 200.000000 [1 0 1 0 1; 0 2 2 0 2; 3 0 3 3 3; 4 0 0 0 4][1.70292, 0.725735, 2.84151, 1.37486, 3.35498]
P:3 Horizon: 15.000 Events: 5.000
Total Time: 107.801424 Optimal Fitness: 300.000000 [1 0 0 1 1; 0 2 2 0 2; 3 3 3 3 3; 4 4 4 4 4][3.73507, 2.77866, 1.77559, 3.45028, 3.26039]
P:4 Horizon: 5.000 Events: 6.000
Total Time: 76.686394 Optimal Fitness: 0.000000 [0 0 0 0 0 0; 0 0 0 0 0 0; 0 0 0 0 0 0; 0 0 0 0 0 0][0.0, 0.0, 0.0, 0.0, 0.0, 0.0]
P:5 Horizon: 10.000 Events: 6.000
Total Time: 104.751169 Optimal Fitness: 200.000000 [1 0 1 1 1 0; 0 2 0 2 0 2; 3 0 3 3 3 3; 4 0 0 0 4 4][0.376265, 0.664592, 2.34322, 2.19871, 1.40999, 3.00722]
P:6 Horizon: 15.000 Events: 6.000
Total Time: 125.309082 Optimal Fitness: 400.000000 [1 1 1 0 1 1; 2 2 0 2 2 2; 0 3 3 3 3 3; 4 0 0 4 4 4][2.33333, 2.43242, 1.94478, 1.02671, 3.3299, 3.93285]
P:7 Horizon: 15.000 Events: 7.000
Total Time: 133.684442 Optimal Fitness: 500.000000 [1 1 1 0 1 1 0; 2 2 0 2 0 2 2; 3 3 3 3 3 3 3; 4 0 0 4 0 4 4][2.3317, 2.24966, 1.01579, 1.70317, 1.06008, 3.6874, 2.9522]
P:8 Horizon: 15.000 Events: 8.000
Total Time: 138.059049 Optimal Fitness: 556.109100 [1 1 1 0 1 0 1 0; 2 2 0 2 2 0 0 2; 3 3 3 3 3 3 3 3; 4 4 0 4 4 4 0 4][2.33333, 2.18703, 1.00025, 2.98379, 0.853697, 1.04932, 1.74787, 2.8447]
P:9 Horizon: 15.000 Events: 9.000
Total Time: 150.855910 Optimal Fitness: 500.000000 [1 0 1 1 1 0 0 1 0; 2 2 2 2 0 2 2 0 2; 0 0 3 3 3 3 3 3 3; 0 4 4 4 0 4 4 0 4][1.36811, 0.640157, 2.75599, 0.555931, 2.61968, 1.00816, 1.68225, 1.50442, 2.86531]
P:10 Horizon: 15.000 Events: 10.000
Total Time: 159.300236 Optimal Fitness: 577.767000 [1 0 1 1 0 0 1 1 0 1; 2 2 2 0 0 2 0 2 0 2; 0 3 3 3 3 3 3 3 3 3; 0 4 0 0 4 4 0 4 0 4][0.380191, 2.37913, 1.02412, 0.833158, 1.21691, 1.09085, 2.07582, 1.05349, 2.11302, 2.83332]
