P:1 Horizon: 5.000 Events: 5.000
Total Time: 73.797646 Optimal Fitness: 0.000000 [0 0 0 0 0; 0 0 0 0 0; 0 0 0 0 0; 0 0 0 0 0][0.0, 0.0, 0.0, 0.0, 0.0]
P:2 Horizon: 10.000 Events: 5.000
Total Time: 98.560845 Optimal Fitness: 200.000000 [1 1 0 0 1; 0 2 2 2 2; 0 3 3 3 3; 0 0 4 4 4][2.37845, 3.23119, 1.01752, 2.91096, 0.461871]
P:3 Horizon: 15.000 Events: 5.000
Total Time: 112.186434 Optimal Fitness: 300.000000 [1 1 1 0 0; 2 2 2 2 2; 3 3 3 3 3; 0 4 0 4 4][2.93548, 3.01399, 1.46854, 3.58974, 3.99225]
P:4 Horizon: 5.000 Events: 6.000
Total Time: 79.692211 Optimal Fitness: 0.000000 [0 0 0 0 0 0; 0 0 0 0 0 0; 0 0 0 0 0 0; 0 0 0 0 0 0][0.0, 0.0, 0.0, 0.0, 0.0, 0.0]
P:5 Horizon: 10.000 Events: 6.000
Total Time: 103.664328 Optimal Fitness: 200.000000 [1 0 1 0 0 0; 2 2 0 2 0 2; 0 3 3 3 3 3; 4 0 4 4 0 4][0.878433, 1.50594, 0.932519, 0.862522, 2.74473, 3.07585]
P:6 Horizon: 15.000 Events: 6.000
Total Time: 122.214458 Optimal Fitness: 400.000000 [1 1 1 0 0 0; 0 2 2 2 2 2; 0 3 3 3 3 3; 4 0 0 0 4 4][2.2664, 3.04535, 2.47949, 1.1652, 3.17745, 2.86612]
P:7 Horizon: 15.000 Events: 7.000
Total Time: 132.454387 Optimal Fitness: 500.000000 [1 1 1 0 1 1 0; 0 2 2 0 2 0 2; 3 3 3 3 3 3 3; 0 0 4 0 4 0 4][2.12647, 3.38647, 1.75086, 1.25772, 2.10711, 1.46449, 2.90689]
P:8 Horizon: 15.000 Events: 8.000
Total Time: 145.029091 Optimal Fitness: 600.000000 [1 1 0 1 1 1 1 0; 2 2 0 0 2 2 0 2; 3 3 3 3 3 3 3 3; 4 0 4 4 4 4 0 4][2.33333, 1.01475, 1.37686, 1.00953, 3.19303, 1.13498, 2.03817, 2.89934]
P:9 Horizon: 15.000 Events: 9.000
Total Time: 151.908791 Optimal Fitness: 600.000000 [1 1 0 0 0 0 0 1 1; 0 2 0 2 0 2 2 0 2; 0 3 3 3 3 0 3 3 3; 0 0 4 4 0 4 4 0 4][2.33333, 1.02613, 2.16281, 2.19988, 0.994382, 0.198669, 1.15358, 2.07223, 2.85899]
P:10 Horizon: 15.000 Events: 10.000
Total Time: 162.169105 Optimal Fitness: 600.000000 [1 1 1 1 1 0 0 0 0 1; 2 0 2 0 2 0 2 0 0 2; 3 3 3 3 3 3 3 3 3 3; 4 4 4 4 4 0 4 0 0 4][2.33498, 0.0438116, 2.35411, 1.01803, 2.1755, 1.01458, 1.44263, 0.932323, 0.797694, 2.88634]
