Upper bound: 50.000

COUNTER = 1
Population: 500 Generations: 60 instr_cr: 0.100 instr_mu: 0.800 delta: 0.125
Upper: 50.0000000 Mid: 25.0000000 Lower: 0.0000000 --- Events: 22
Best profit: 1596.058
Best profit: 1540.325
Best profit: 1617.179
Best profit: 1495.351
Best profit: 1543.969
Trial profit: 1617.179 in 4.158 seconds. Horizon: 25.000 
[1 1 0 1 0 1 1 1 1 0 0 0 1 0 0 0 1 0 1 0 1 0; 1 1 0 0 1 0 1 1 0 1 0 0 0 0 0 1 0 0 1 0 1 1; 2 2 2 2 2 2 2 2 2 0 2 0 0 0 2 0 2 0 2 0 0 2; 0 0 3 3 3 0 0 3 3 3 0 0 3 3 0 3 0 3 3 0 3 3; 0 3 0 3 0 3 3 3 3 3 3 3 3 3 3 3 3 3 3 0 3 3]
[3.19524, 1.61674, 1.08901, 0.582507, 1.2569, 2.43881, 2.45355, 1.99049, 1.35912, 0.301036, 0.673866, 0.335307, 0.289231, 0.443017, 1.01756, 0.835757, 0.941424, 1.10311, 0.624148, 0.814819, 0.524694, 1.11367]
1617.179466747398

COUNTER = 2
Population: 536 Generations: 60 instr_cr: 0.090 instr_mu: 0.720 delta: 0.138
Upper: 50.0000000 Mid: 37.5000000 Lower: 25.0000000 --- Events: 34
Best profit: 2324.467
Trial profit: 2324.467 in 5.346 seconds. Horizon: 37.500 
[0 1 0 1 1 0 1 1 0 0 0 1 1 1 0 1 0 1 1 1 1 1 1 0 1 0 1 1 1 1 0 1 0 0; 1 0 0 1 0 0 1 0 0 0 0 1 0 0 0 1 0 1 0 0 1 1 0 0 1 1 0 1 0 0 1 0 1 0; 2 2 0 2 2 2 2 0 0 2 0 0 2 2 2 2 2 0 2 0 2 2 2 0 2 0 2 2 2 0 2 0 2 2; 3 0 3 3 0 0 0 0 0 0 0 0 3 3 0 3 3 3 0 3 3 0 3 0 3 3 3 3 3 0 3 3 0 3; 3 3 0 0 0 3 3 3 3 0 3 0 3 3 0 3 3 0 3 3 3 0 3 3 0 0 0 0 3 0 3 3 3 3]
[1.36245, 0.0771859, 2.76988, 0.268551, 2.47745, 0.735554, 0.128691, 0.983178, 0.863895, 0.509375, 0.854736, 0.416666, 0.540418, 0.0401177, 2.35341, 2.16799, 1.03289, 0.409164, 0.485808, 2.61678, 0.171737, 0.589582, 0.739867, 2.25531, 1.73904, 0.770273, 2.57379, 2.62623, 0.644476, 1.11917, 1.52185, 0.445276, 0.0532975, 1.15592]
2324.466766911767

Found. Horizon: 37.500
COUNTER = 3
Population: 575 Generations: 60 instr_cr: 0.080 instr_mu: 0.640 delta: 0.150
Upper: 37.5000000 Mid: 31.2500000 Lower: 25.0000000 --- Events: 28
Best profit: 1965.170
Best profit: 1955.855
Best profit: 1913.675
Best profit: 2033.567
Trial profit: 2033.567 in 9.774 seconds. Horizon: 31.250 
[1 0 1 0 1 0 0 1 0 1 0 0 0 1 0 1 0 0 1 0 1 0 0 1 1 1 1 1; 0 1 0 1 0 0 1 0 0 0 1 0 0 1 0 1 0 0 1 1 0 0 1 0 1 1 1 0; 2 0 2 2 0 2 0 0 2 0 0 2 0 2 2 0 2 0 2 2 2 0 2 2 2 0 0 2; 0 0 3 3 3 3 3 0 3 3 0 3 3 0 3 3 0 3 3 3 3 3 0 0 0 0 3 3; 0 3 3 3 0 3 3 3 0 0 0 0 0 3 3 0 3 3 0 0 3 3 0 3 3 3 0 3]
[0.268804, 2.38879, 1.37919, 1.31491, 1.25801, 0.780208, 0.581666, 0.880308, 1.46417, 0.520104, 0.159007, 1.94498, 0.127952, 2.37274, 0.523891, 0.581381, 0.354609, 2.40027, 2.39966, 1.33817, 1.73128, 0.755751, 0.00457694, 2.4006, 0.54818, 0.362093, 1.07928, 1.32943]
2033.5669317462855

Found. Horizon: 31.250
COUNTER = 4
Population: 617 Generations: 61 instr_cr: 0.070 instr_mu: 0.560 delta: 0.163
Upper: 31.2500000 Mid: 28.1250000 Lower: 25.0000000 --- Events: 25
Best profit: 1746.310
Best profit: 1718.717
Best profit: 1800.000
Best profit: 1795.356
Best profit: 1828.961
Trial profit: 1828.961 in 15.057 seconds. Horizon: 28.125 
[1 0 0 1 0 0 0 1 0 1 1 0 0 1 0 1 1 0 0 1 0 1 1 1 1; 0 1 0 0 0 1 0 1 0 1 1 0 0 1 0 0 1 0 0 0 1 1 0 0 0; 0 0 2 2 0 2 2 2 0 2 2 0 2 2 2 2 0 2 0 2 2 2 2 2 2; 0 3 3 0 0 0 0 0 3 3 3 3 3 3 0 3 3 3 3 0 0 3 3 3 3; 0 0 0 3 0 0 3 3 0 3 3 3 0 0 3 3 3 3 3 0 3 3 3 3 3]
[0.051991, 0.602755, 2.03328, 0.166104, 0.312418, 1.43263, 1.76209, 0.601369, 2.18735, 3.29654, 1.08894, 1.02448, 1.21153, 0.0885274, 2.57961, 0.966473, 1.00561, 1.60787, 0.238228, 0.447877, 2.14567, 2.13372, 0.0144244, 0.00839455, 1.11712]
1828.9613551276916

COUNTER = 5
Population: 662 Generations: 61 instr_cr: 0.060 instr_mu: 0.480 delta: 0.175
Upper: 31.2500000 Mid: 29.6875000 Lower: 28.1250000 --- Events: 26
Best profit: 1993.930
Best profit: 1769.526
Best profit: 1869.632
Best profit: 1906.957
Best profit: 1849.583
Trial profit: 1993.930 in 21.002 seconds. Horizon: 29.688 
[1 1 1 0 0 1 0 1 0 0 1 0 1 0 1 0 1 0 1 0 1 0 1 0 0 0; 1 1 0 1 0 0 1 0 0 1 0 1 0 0 0 1 0 1 0 1 0 0 1 0 0 1; 0 2 2 2 0 2 2 0 2 0 2 2 0 2 2 2 2 2 2 2 2 0 2 0 0 2; 0 0 3 3 3 0 0 3 0 0 3 3 3 0 0 3 3 3 3 3 3 3 3 3 0 3; 0 0 3 0 3 3 3 0 3 3 3 3 0 0 0 0 0 0 0 0 3 3 3 0 0 3]
[2.80718, 2.65408, 0.549336, 1.2329, 0.901361, 1.22632, 1.00351, 0.915333, 1.42957, 0.260817, 1.51098, 1.72178, 0.146178, 0.0399042, 1.44664, 1.32276, 2.07994, 0.401481, 2.57229, 0.129293, 1.30228, 0.897707, 0.305852, 0.256333, 1.43046, 1.14322]
1993.9302961352905

COUNTER = 6
Population: 710 Generations: 61 instr_cr: 0.050 instr_mu: 0.400 delta: 0.188
Upper: 31.2500000 Mid: 30.4687500 Lower: 29.6875000 --- Events: 27
Best profit: 1980.330
Best profit: 1946.570
Best profit: 1974.462
Best profit: 2018.211
Trial profit: 2018.211 in 26.360 seconds. Horizon: 30.469 
[1 1 0 1 0 0 0 1 0 1 0 1 0 1 0 1 1 0 0 1 0 0 1 0 1 1 0; 1 0 1 0 0 0 1 0 0 1 0 1 0 1 0 1 0 0 0 1 0 0 0 1 1 1 0; 0 0 0 2 0 0 2 2 0 2 0 2 2 2 2 0 0 2 2 2 0 2 0 2 2 0 2; 3 0 3 0 3 0 0 0 3 3 3 0 3 0 3 3 3 3 0 3 3 3 3 0 3 0 3; 3 0 3 0 3 3 0 3 3 3 0 3 3 0 3 3 0 0 0 0 3 3 3 0 3 0 3]
[2.41188, 1.24135, 1.37483, 0.316221, 1.22688, 0.273535, 1.31655, 0.0597684, 2.4298, 1.09065, 1.6284, 2.6318, 0.0711793, 1.98104, 1.17393, 0.273051, 0.472719, 0.401732, 2.03982, 0.741639, 1.18962, 1.36017, 0.0931666, 2.01729, 0.366219, 1.30632, 0.97921]
2018.2107162830262

Found. Horizon: 30.469
COUNTER = 7
Population: 761 Generations: 61 instr_cr: 0.040 instr_mu: 0.320 delta: 0.200
Upper: 30.4687500 Mid: 30.0781250 Lower: 29.6875000 --- Events: 26
Best profit: 1977.319
Best profit: 1972.614
Best profit: 1921.832
Best profit: 1934.126
Best profit: 1898.202
Trial profit: 1977.319 in 33.040 seconds. Horizon: 30.078 
[0 1 0 1 1 1 0 0 0 1 0 0 0 1 1 0 1 0 1 0 1 1 1 1 1 1; 1 0 0 1 1 1 0 0 0 1 0 0 1 0 0 1 0 0 1 0 1 1 0 1 1 1; 2 2 0 0 2 2 0 0 2 2 0 2 0 0 2 2 0 2 0 2 2 2 2 0 2 0; 3 3 0 0 3 0 0 0 0 3 0 3 0 3 3 3 0 3 3 0 3 3 3 3 3 0; 3 3 0 3 0 3 3 0 0 3 0 3 3 3 3 0 3 3 3 0 3 3 3 3 3 0]
[0.661457, 1.67792, 0.998344, 2.6524, 3.36807, 0.0941526, 0.740346, 0.572444, 1.89689, 0.414278, 1.63274, 0.502925, 1.05396, 0.121318, 2.2513, 0.41356, 1.55069, 1.28659, 0.704788, 2.02715, 2.28954, 1.96584, 1.09014, 0.0707424, 0.0138507, 0.026697]
1977.3190319220016

COUNTER = 8
Population: 816 Generations: 62 instr_cr: 0.030 instr_mu: 0.240 delta: 0.213
Upper: 30.4687500 Mid: 30.2734375 Lower: 30.0781250 --- Events: 27
Best profit: 1979.625
Best profit: 1945.970
Best profit: 1885.103
Best profit: 2055.184
Trial profit: 2055.184 in 38.885 seconds. Horizon: 30.273 
[1 0 1 0 1 1 1 0 1 0 0 0 0 1 0 1 0 1 0 1 0 0 1 0 1 0 0; 1 0 0 1 0 1 0 1 0 0 0 0 1 0 0 1 0 0 1 0 0 0 1 0 1 0 0; 0 0 2 0 2 2 2 2 0 2 2 2 0 0 2 2 0 2 2 0 0 2 2 0 2 0 2; 3 0 0 0 0 3 3 3 3 3 0 0 3 3 0 3 3 3 3 0 3 0 3 3 3 3 3; 0 3 3 3 3 3 0 0 0 0 3 3 0 3 0 0 3 3 3 3 0 3 3 3 0 3 3]
[2.57137, 0.0818451, 0.784565, 1.85511, 1.72437, 2.65843, 0.729791, 1.90799, 0.446135, 0.112251, 0.129472, 1.0315, 0.867012, 0.753393, 1.89552, 1.88576, 0.35324, 1.79294, 0.866277, 0.458366, 0.467527, 1.71725, 1.97922, 0.176966, 1.34614, 0.513949, 1.16707]
2055.1844665308095

Found. Horizon: 30.273
COUNTER = 9
Population: 875 Generations: 62 instr_cr: 0.020 instr_mu: 0.160 delta: 0.225
Upper: 30.2734375 Mid: 30.1757813 Lower: 30.0781250 --- Events: 27
Best profit: 1993.164
Best profit: 1974.338
Best profit: 1900.000
Best profit: 1999.563
Best profit: 2011.682
Trial profit: 2011.682 in 47.163 seconds. Horizon: 30.176 
[1 0 1 0 0 1 0 0 1 0 1 0 1 0 1 0 0 0 1 1 0 1 0 0 1 0 1; 1 0 1 0 0 1 0 0 1 0 1 0 0 1 1 0 0 1 0 1 0 0 1 0 1 0 0; 2 2 2 0 0 2 2 2 2 2 2 2 2 2 2 2 0 0 2 2 0 2 2 2 2 0 2; 3 0 0 3 0 3 3 3 3 3 3 0 3 3 3 0 3 3 0 3 3 0 0 0 3 3 3; 3 0 0 3 3 0 3 3 3 3 3 3 3 0 3 0 3 0 3 3 3 3 3 3 3 3 3]
[0.445176, 2.27759, 0.602017, 0.928193, 1.17737, 0.364858, 0.227569, 2.23375, 1.20971, 1.89394, 0.0705715, 2.60539, 0.111375, 2.5245, 0.641862, 1.59458, 0.0505639, 0.382649, 2.56899, 1.93793, 0.571692, 0.351982, 2.0129, 0.324092, 1.38822, 0.573986, 1.1043]
2011.681863731963

Found. Horizon: 30.176
COUNTER = 10
Population: 938 Generations: 62 instr_cr: 0.010 instr_mu: 0.080 delta: 0.238
Upper: 30.1757813 Mid: 30.1269531 Lower: 30.0781250 --- Events: 26
Best profit: 1951.707
Best profit: 2012.685
Trial profit: 2012.685 in 50.576 seconds. Horizon: 30.127 
[1 1 0 0 1 0 1 0 1 0 1 0 1 0 1 1 0 1 0 1 0 0 1 1 1 1; 0 1 0 0 0 1 0 1 0 0 1 0 1 0 1 1 0 0 1 0 1 0 1 0 1 1; 0 0 0 0 2 0 2 2 0 2 0 2 2 2 2 2 2 0 2 2 2 0 2 0 2 0; 3 3 0 0 0 0 0 0 0 0 3 3 3 3 3 3 3 0 3 3 3 3 3 3 0 3; 3 0 0 0 3 3 0 0 3 3 3 3 3 3 0 0 0 0 3 3 3 3 0 3 3 3]
[0.003492, 1.40433, 0.302567, 0.995278, 0.224583, 2.43537, 1.70732, 0.809547, 1.3641, 1.15103, 0.423597, 2.19595, 1.39134, 1.66543, 3.1352, 1.42193, 1.07458, 0.847664, 1.98153, 0.20484, 1.9627, 0.324115, 1.07011, 0.842509, 0.108518, 1.07933]
2012.684941527649

Found. Horizon: 30.127
Shortest horizon found: 0.0000000 in 50.576 seconds
COUNTER = 11
Population: 1006 Generations: 62 instr_cr: 0.100 instr_mu: 0.800 delta: 0.250
Upper: 50.0000000 Mid: 25.0000000 Lower: 0.0000000 --- Events: 22
Best profit: 1625.550
Best profit: 1634.416
Best profit: 1627.076
Best profit: 1582.145
Best profit: 1625.376
Trial profit: 1634.416 in 7.656 seconds. Horizon: 25.000 
[1 1 0 0 1 0 1 1 0 1 0 1 1 0 1 0 0 1 0 0 1 0; 1 0 1 0 0 1 0 1 0 0 1 0 1 0 1 0 0 1 0 0 0 1; 0 0 0 2 2 2 2 2 2 2 0 2 2 0 2 2 0 2 0 0 0 2; 3 0 0 3 0 3 3 3 3 3 0 3 3 3 3 3 0 3 3 3 0 3; 0 0 3 3 0 0 0 3 3 0 0 3 3 3 0 0 0 0 3 3 0 3]
[2.08523, 1.25627, 0.363449, 1.41975, 1.45144, 1.40918, 1.92221, 2.49644, 0.159627, 0.691522, 1.36071, 2.01424, 0.830713, 1.84273, 0.219901, 0.106371, 2.25178, 0.281626, 1.60306, 0.049055, 0.0738299, 1.11088]
1634.4159466638862

COUNTER = 12
Population: 1048 Generations: 63 instr_cr: 0.090 instr_mu: 0.720 delta: 0.263
Upper: 50.0000000 Mid: 37.5000000 Lower: 25.0000000 --- Events: 34
Best profit: 2253.468
Trial profit: 2253.468 in 10.125 seconds. Horizon: 37.500 
[0 0 0 0 1 0 0 1 1 0 0 0 0 1 0 1 1 1 0 1 0 1 0 0 1 1 0 0 0 1 0 0 1 1; 1 1 0 1 0 0 0 1 0 0 1 1 0 1 0 0 1 0 0 1 0 0 1 0 0 1 1 0 0 1 0 1 0 0; 0 2 2 2 0 0 2 0 0 2 0 0 0 2 2 2 0 0 2 2 0 2 2 2 0 2 0 2 0 2 0 2 2 2; 3 3 0 0 3 0 3 0 3 3 3 0 3 0 3 3 0 0 3 3 0 3 0 3 3 0 3 3 0 3 3 3 3 3; 3 0 0 3 3 3 3 0 0 0 0 3 0 3 0 3 0 3 3 3 3 3 0 3 0 0 3 0 3 3 3 3 0 3]
[3.2533, 3.12546, 0.146139, 0.560836, 0.373522, 1.06508, 1.2738, 2.66507, 0.306659, 1.38137, 0.240218, 0.365111, 0.0240617, 0.0694505, 2.60656, 0.658503, 0.567547, 0.783574, 1.97686, 0.925579, 1.68162, 0.884918, 1.0648, 0.718243, 1.71425, 0.175002, 1.83004, 0.427179, 1.50089, 1.16465, 0.954075, 0.0923818, 1.87309, 1.05016]
2253.468183064703

Found. Horizon: 37.500
COUNTER = 13
Population: 1091 Generations: 63 instr_cr: 0.080 instr_mu: 0.640 delta: 0.275
Upper: 37.5000000 Mid: 31.2500000 Lower: 25.0000000 --- Events: 28
Best profit: 2048.578
Trial profit: 2048.578 in 12.211 seconds. Horizon: 31.250 
[0 1 0 1 0 1 1 1 0 1 0 0 0 0 1 1 0 1 0 1 1 0 0 1 1 1 1 0; 1 0 0 1 0 1 0 1 0 1 0 0 0 0 1 0 0 1 0 1 1 0 0 1 0 1 1 1; 0 0 2 2 2 0 2 2 2 2 0 0 0 2 2 0 0 2 2 2 2 2 0 2 0 0 0 2; 3 0 3 3 0 3 3 3 3 3 0 3 0 3 3 3 3 0 0 0 3 3 3 3 3 3 0 3; 3 0 0 3 3 3 3 0 0 3 0 3 3 3 3 3 3 0 0 3 3 0 3 3 3 0 3 3]
[0.646282, 1.03629, 1.6441, 1.72991, 1.44765, 0.274549, 3.05466, 0.212724, 3.11581, 0.468034, 0.955004, 0.464356, 0.122624, 1.32204, 0.131673, 0.940397, 1.74901, 1.99311, 1.68091, 2.45944, 0.207715, 0.98154, 1.35093, 0.406594, 1.21003, 0.117869, 0.274183, 1.25256]
2048.5777233462477

Found. Horizon: 31.250
COUNTER = 14
Population: 1136 Generations: 63 instr_cr: 0.070 instr_mu: 0.560 delta: 0.288
Upper: 31.2500000 Mid: 28.1250000 Lower: 25.0000000 --- Events: 25
Best profit: 1874.403
Best profit: 1650.000
Best profit: 1842.304
Best profit: 1846.032
Best profit: 1785.097
Trial profit: 1874.403 in 22.203 seconds. Horizon: 28.125 
[1 0 0 1 1 0 1 1 1 1 0 0 0 1 0 1 0 1 0 0 1 0 1 1 1; 1 0 1 1 0 1 1 0 1 0 1 0 0 1 0 0 1 0 1 0 0 0 1 1 1; 0 0 0 2 2 2 2 2 2 2 2 0 2 2 2 0 2 2 2 0 2 0 2 2 2; 0 0 3 0 3 3 3 3 3 3 0 3 3 0 3 0 3 3 3 0 3 3 3 3 3; 0 0 3 0 0 0 0 0 0 3 0 0 3 3 3 3 3 3 0 3 3 3 3 3 3]
[9.28413e-5, 0.0129308, 0.00485608, 2.67084, 0.646944, 2.03281, 2.88495, 0.171657, 2.70836, 0.0350154, 0.735069, 1.45483, 0.598771, 1.68912, 0.990269, 0.570723, 1.66331, 1.89514, 0.629448, 0.123806, 0.257991, 1.76703, 2.05847, 1.59336, 0.929194]
1874.4031540840144

COUNTER = 15
Population: 1183 Generations: 63 instr_cr: 0.060 instr_mu: 0.480 delta: 0.300
Upper: 31.2500000 Mid: 29.6875000 Lower: 28.1250000 --- Events: 26
Best profit: 1960.903
Best profit: 1938.896
Best profit: 1935.046
Best profit: 1950.014
Best profit: 1928.837
Trial profit: 1960.903 in 32.954 seconds. Horizon: 29.688 
[1 0 0 1 0 1 1 1 0 0 1 1 0 1 1 0 0 1 0 0 1 0 0 0 1 1; 1 0 0 1 1 0 1 0 1 0 0 1 0 1 0 0 0 1 0 1 0 0 0 0 1 0; 0 0 0 2 0 2 2 2 0 2 2 0 2 0 2 2 0 2 2 0 0 2 0 0 2 2; 0 0 3 3 0 3 3 3 3 3 0 3 3 3 3 0 3 3 3 0 3 3 0 0 3 3; 3 0 3 3 3 0 0 0 0 3 3 0 3 3 3 3 3 3 3 3 0 3 0 3 3 3]
[1.26682, 1.27411, 0.702573, 1.96842, 0.694901, 2.67945, 3.01996, 0.284215, 1.77928, 0.97252, 0.581366, 1.40499, 1.69119, 0.431059, 0.243193, 0.866207, 1.54223, 1.91926, 0.21635, 0.644747, 0.527197, 0.0171473, 0.521324, 1.28369, 2.02172, 1.13358]
1960.903188898182

COUNTER = 16
Population: 1232 Generations: 64 instr_cr: 0.050 instr_mu: 0.400 delta: 0.313
Upper: 31.2500000 Mid: 30.4687500 Lower: 29.6875000 --- Events: 27
Best profit: 1997.771
Best profit: 2042.993
Trial profit: 2042.993 in 37.573 seconds. Horizon: 30.469 
[1 0 1 0 1 0 0 0 1 1 0 1 0 1 0 0 0 1 0 1 1 0 0 1 0 0 0; 1 0 1 0 0 1 0 1 0 0 1 1 0 1 0 0 0 0 1 0 1 0 0 1 0 0 1; 2 0 0 2 2 0 2 2 2 2 2 2 2 2 0 0 2 0 2 2 2 0 2 2 0 0 2; 0 3 0 3 0 0 3 0 3 3 3 3 3 3 0 3 3 3 0 3 3 3 3 3 3 3 3; 0 3 0 0 3 3 0 3 3 3 0 3 3 3 3 3 0 0 3 3 3 3 3 3 3 0 3]
[2.57636, 0.544519, 0.894775, 1.74591, 0.701963, 1.22619, 0.658052, 0.231066, 2.66242, 0.385243, 2.66291, 1.68629, 1.66996, 0.786655, 0.714355, 0.505577, 0.664168, 0.666339, 2.02943, 2.02095, 1.80513, 0.260978, 0.418446, 0.59238, 0.23377, 1.04836, 1.07656]
2042.993406519373

Found. Horizon: 30.469
COUNTER = 17
Population: 1283 Generations: 64 instr_cr: 0.040 instr_mu: 0.320 delta: 0.325
Upper: 30.4687500 Mid: 30.0781250 Lower: 29.6875000 --- Events: 26
Best profit: 2009.752
Trial profit: 2009.752 in 39.847 seconds. Horizon: 30.078 
[0 1 1 0 1 1 0 0 1 0 1 1 0 1 1 0 1 0 0 1 0 1 1 0 0 0; 1 0 1 0 1 0 0 0 1 0 0 1 0 1 0 1 0 1 1 0 0 1 0 0 0 0; 2 0 2 2 0 2 0 2 2 2 0 2 2 2 2 2 2 2 0 2 0 2 2 2 2 0; 3 0 3 0 0 0 0 0 0 0 0 3 3 3 3 0 3 3 3 3 3 3 3 0 3 3; 0 0 3 3 3 0 3 0 3 3 3 0 3 0 0 0 0 3 0 3 3 3 3 0 0 3]
[0.373262, 2.97036, 1.65047, 1.28365, 0.629902, 1.74828, 0.517221, 0.421109, 1.4971, 1.56466, 0.234092, 1.24775, 2.12892, 2.69498, 0.578965, 2.0828, 1.43646, 0.334556, 1.49607, 1.56123, 0.42685, 2.00365, 0.00235571, 0.0305126, 0.0491479, 1.11378]
2009.7520733028762

Found. Horizon: 30.078
COUNTER = 18
Population: 1336 Generations: 64 instr_cr: 0.030 instr_mu: 0.240 delta: 0.338
Upper: 30.0781250 Mid: 29.8828125 Lower: 29.6875000 --- Events: 26
Best profit: 1959.504
Best profit: 2003.859
Trial profit: 2003.859 in 44.870 seconds. Horizon: 29.883 
[1 1 0 0 1 0 0 1 0 1 0 1 0 1 1 0 0 1 0 1 0 0 1 1 0 0; 0 1 0 0 0 0 1 1 1 0 1 0 0 1 0 1 0 0 1 0 0 1 0 0 1 1; 2 2 2 0 2 2 2 2 0 2 2 2 0 2 2 2 2 0 2 0 2 0 2 0 2 2; 3 3 3 3 3 3 0 3 3 3 3 0 3 3 3 3 0 3 3 3 3 3 3 3 3 3; 3 0 0 3 3 0 3 3 3 0 0 0 0 0 0 0 3 3 0 0 0 3 3 3 3 3]
[0.0125713, 1.09729, 0.86802, 0.810486, 0.082692, 0.481243, 3.03192, 0.850938, 1.80733, 1.88053, 0.823971, 1.92662, 0.536793, 2.24523, 0.947769, 1.16769, 0.503993, 1.67954, 1.03442, 0.975421, 0.808407, 1.21691, 1.86662, 0.150038, 1.97107, 1.10529]
2003.8589418412275

Found. Horizon: 29.883
COUNTER = 19
Population: 1391 Generations: 64 instr_cr: 0.020 instr_mu: 0.160 delta: 0.350
Upper: 29.8828125 Mid: 29.7851563 Lower: 29.6875000 --- Events: 26
Best profit: 1985.029
Best profit: 1999.656
Best profit: 1956.580
Best profit: 1973.056
Best profit: 1897.417
Trial profit: 1999.656 in 57.837 seconds. Horizon: 29.785 
[1 0 1 0 0 1 1 0 1 0 0 1 0 1 0 0 1 0 0 1 0 1 1 1 1 1; 1 0 1 0 0 1 1 0 0 1 0 0 1 0 1 0 0 0 1 1 0 0 1 1 1 0; 2 2 0 2 2 2 2 0 2 0 2 2 0 2 2 0 0 2 2 0 2 0 2 0 2 2; 3 0 3 3 3 3 3 0 3 0 3 3 3 3 3 3 3 3 3 3 3 3 0 3 3 3; 0 3 3 0 0 3 3 0 3 3 3 3 3 0 0 3 3 0 3 3 3 0 3 3 3 3]
[0.927391, 1.94287, 0.258446, 2.32319, 0.672745, 2.668, 0.682381, 2.40168, 0.213266, 0.420074, 2.02952, 0.88863, 1.55696, 1.81006, 0.835484, 0.187944, 0.690789, 1.6316, 0.400926, 1.18749, 1.91309, 0.0420233, 0.504177, 1.49786, 1.29887, 0.799672]
1999.6561093556184

COUNTER = 20
Population: 1448 Generations: 65 instr_cr: 0.010 instr_mu: 0.080 delta: 0.363
Upper: 29.8828125 Mid: 29.8339844 Lower: 29.7851563 --- Events: 26
Best profit: 1996.609
Best profit: 1900.000
Best profit: 1950.000
Best profit: 2007.270
Trial profit: 2007.270 in 68.331 seconds. Horizon: 29.834 
[1 1 1 0 1 0 1 1 0 1 0 1 0 0 1 0 1 0 0 0 1 1 1 0 0 1; 1 1 1 0 0 1 0 1 0 1 0 0 1 0 0 1 0 1 0 0 1 1 0 0 0 1; 0 2 2 2 0 2 2 0 2 2 2 2 0 2 0 2 0 2 0 0 2 0 2 0 0 2; 0 0 3 3 0 0 3 3 3 3 3 0 3 3 3 3 3 0 0 3 3 3 3 0 3 3; 0 3 3 3 0 3 3 3 0 0 3 0 3 3 3 0 3 3 0 0 3 3 3 0 3 3]
[2.98131, 3.11659, 2.62221, 0.0569824, 0.598287, 2.48483, 0.830155, 1.26433, 2.01565, 2.23518, 0.361611, 0.734883, 0.903263, 1.2125, 0.936646, 1.88842, 0.469523, 0.0915591, 0.545426, 1.52215, 1.17745, 0.657774, 0.0018044, 1.07772, 0.0221798, 0.0255698]
2007.27000478117

Found. Horizon: 29.834
Shortest horizon found: 0.0000000 in 68.331 seconds
COUNTER = 21
Population: 1508 Generations: 65 instr_cr: 0.100 instr_mu: 0.800 delta: 0.375
Upper: 50.0000000 Mid: 25.0000000 Lower: 0.0000000 --- Events: 22
Best profit: 1600.000
Best profit: 1709.306
Best profit: 1596.765
Best profit: 1641.009
Best profit: 1600.000
Trial profit: 1709.306 in 11.858 seconds. Horizon: 25.000 
[0 1 1 0 0 1 0 1 1 0 0 1 0 1 0 0 1 1 0 1 1 1; 1 0 0 1 0 0 1 0 0 1 0 0 1 0 0 1 0 1 0 1 0 0; 0 2 0 2 2 2 2 0 2 0 2 0 2 2 0 0 2 2 0 2 0 2; 0 3 0 0 0 3 3 3 3 3 3 0 3 3 3 3 3 3 3 3 3 3; 3 3 3 3 3 3 3 3 0 0 0 0 0 3 0 3 3 3 3 3 3 3]
[0.0, 2.67875, 0.655289, 0.246689, 1.78998, 1.72671, 0.696571, 2.61081, 0.100876, 1.38643, 1.18453, 0.768428, 1.97542, 0.941346, 0.233462, 1.12297, 2.21397, 0.479708, 1.56836, 1.2758, 0.382943, 0.960976]
1709.3060106964506

COUNTER = 22
Population: 1552 Generations: 65 instr_cr: 0.090 instr_mu: 0.720 delta: 0.388
Upper: 50.0000000 Mid: 37.5000000 Lower: 25.0000000 --- Events: 34
Best profit: 2455.468
Trial profit: 2455.468 in 15.560 seconds. Horizon: 37.500 
[1 0 1 0 0 0 0 1 0 1 0 1 0 0 0 1 0 0 1 0 0 0 0 1 1 0 1 0 0 1 0 1 1 0; 1 0 1 0 0 0 0 1 0 1 0 0 1 1 1 0 0 1 0 0 0 0 1 0 1 0 1 0 0 1 0 1 1 1; 0 0 0 2 0 0 0 2 2 2 2 0 2 2 0 2 0 2 2 2 2 2 2 2 2 0 2 0 2 2 0 2 0 2; 0 3 3 0 0 3 3 3 0 3 3 3 0 3 3 3 3 0 3 3 3 3 0 3 3 3 3 3 3 3 3 3 3 3; 0 3 3 0 3 3 3 3 0 3 3 3 0 0 0 0 0 0 3 0 3 3 3 0 0 0 3 3 3 3 0 3 3 3]
[0.0389215, 3.44488, 1.08388, 0.907019, 0.214944, 0.402806, 0.674787, 0.795142, 2.55268, 1.37088, 1.31912, 0.719075, 0.0553981, 0.204173, 1.85026, 1.24853, 0.555725, 1.80727, 1.03345, 0.16829, 0.0374099, 0.324254, 2.10868, 2.44233, 0.235351, 2.80214, 1.00088, 1.09528, 1.29605, 0.62913, 1.79134, 1.55849, 0.472322, 1.25913]
2455.467491618948

Found. Horizon: 37.500
COUNTER = 23
Population: 1597 Generations: 65 instr_cr: 0.080 instr_mu: 0.640 delta: 0.400
Upper: 37.5000000 Mid: 31.2500000 Lower: 25.0000000 --- Events: 28
Best profit: 2146.403
Trial profit: 2146.403 in 18.771 seconds. Horizon: 31.250 
[1 1 0 1 0 1 1 0 1 0 1 0 1 0 1 1 0 1 0 0 0 1 0 1 0 1 1 0; 1 0 0 0 0 1 0 0 1 0 0 1 0 1 0 1 0 1 0 0 0 0 1 0 1 0 1 0; 0 2 0 2 2 2 2 2 2 2 2 2 2 0 2 2 0 2 0 2 0 0 2 2 2 0 2 2; 3 3 0 3 0 3 3 3 3 3 3 0 3 3 3 3 3 3 3 3 3 3 3 3 3 3 3 3; 0 0 0 3 3 3 0 3 3 3 0 3 0 0 0 3 0 3 3 3 0 3 0 0 3 3 3 3]
[0.0595827, 0.023548, 2.70904, 0.152897, 0.321589, 2.96936, 0.166095, 0.0230138, 2.11893, 0.55378, 0.654048, 2.02024, 1.22925, 1.39955, 2.01449, 0.370279, 2.56162, 0.40975, 1.15151, 0.392, 0.718487, 0.734141, 1.95968, 1.40743, 1.96794, 0.107049, 1.95902, 1.09569]
2146.403478071721

Found. Horizon: 31.250
COUNTER = 24
Population: 1643 Generations: 66 instr_cr: 0.070 instr_mu: 0.560 delta: 0.413
Upper: 31.2500000 Mid: 28.1250000 Lower: 25.0000000 --- Events: 25
Best profit: 1781.801
Best profit: 1818.791
Best profit: 1868.911
Best profit: 1861.281
Best profit: 1838.836
Trial profit: 1868.911 in 33.503 seconds. Horizon: 28.125 
[1 0 1 0 1 1 1 0 0 1 1 0 0 0 1 0 1 0 0 1 0 0 1 0 1; 1 0 0 1 1 0 1 0 0 1 0 0 0 0 1 0 0 1 0 0 1 0 1 1 1; 2 2 0 2 2 2 2 0 2 2 0 0 0 2 2 0 2 0 2 0 2 0 2 0 2; 3 3 3 3 3 3 3 3 3 3 3 0 3 3 3 3 3 3 3 3 3 0 3 3 3; 3 3 0 3 0 0 3 3 0 0 0 0 0 0 0 0 0 0 0 3 3 3 3 0 3]
[2.32142, 0.378354, 0.597174, 3.0615, 0.591618, 2.71511, 1.85416, 0.271439, 1.16269, 0.312846, 0.238276, 0.635962, 0.646672, 1.47451, 1.16012, 1.49695, 0.727067, 1.16277, 1.21169, 0.894257, 0.279637, 1.78994, 0.00749922, 2.01976, 1.11357]
1868.9109122954949

COUNTER = 25
Population: 1691 Generations: 66 instr_cr: 0.060 instr_mu: 0.480 delta: 0.425
Upper: 31.2500000 Mid: 29.6875000 Lower: 28.1250000 --- Events: 26
Best profit: 1956.824
Best profit: 2001.817
Trial profit: 2001.817 in 39.929 seconds. Horizon: 29.688 
[1 0 1 1 1 1 0 1 0 1 1 0 1 0 0 1 0 1 0 1 0 0 1 1 1 1; 1 0 1 0 1 0 0 1 0 0 1 0 0 1 0 0 1 0 1 0 0 0 1 1 0 1; 2 2 2 0 2 2 2 2 0 0 2 2 0 2 0 2 2 2 2 2 0 0 2 2 2 2; 3 0 0 0 3 0 3 3 0 3 3 3 3 0 3 3 3 3 3 3 0 3 0 3 3 3; 0 0 0 0 3 3 3 3 0 3 3 3 3 0 0 0 3 3 3 3 0 3 3 3 3 3]
[0.53884, 2.22417, 0.0303567, 2.75046, 0.1366, 1.50886, 1.57026, 0.0200326, 0.156402, 2.91565, 1.98479, 0.83236, 0.502525, 1.80118, 0.360372, 0.318436, 2.35535, 0.758034, 1.91102, 0.126004, 1.12619, 0.730954, 2.30616, 1.7311, 0.991021, 0.000370587]
2001.8166182950017

Found. Horizon: 29.688
COUNTER = 26
Population: 1740 Generations: 66 instr_cr: 0.050 instr_mu: 0.400 delta: 0.438
Upper: 29.6875000 Mid: 28.9062500 Lower: 28.1250000 --- Events: 25
Best profit: 1998.631
Best profit: 1893.384
Best profit: 1875.965
Best profit: 1870.937
Best profit: 1973.161
Trial profit: 1998.631 in 55.564 seconds. Horizon: 28.906 
[1 1 0 1 0 1 0 0 1 1 0 0 1 1 0 1 0 0 0 0 1 1 0 1 0; 1 0 1 0 1 0 0 0 1 0 1 0 0 0 1 0 0 0 1 0 0 1 0 1 0; 0 2 2 2 2 2 0 0 2 2 2 2 0 0 2 0 2 0 0 0 2 2 0 2 2; 0 0 3 0 3 3 3 3 3 3 3 3 0 3 0 3 3 3 3 0 0 3 3 3 3; 3 3 0 3 3 3 0 0 3 3 0 3 3 3 0 3 3 0 3 0 0 3 3 3 3]
[2.64826, 0.693649, 2.0147, 1.31524, 1.60212, 0.486987, 0.289972, 1.54394, 2.87968, 0.4577, 1.36321, 0.906763, 0.0373366, 1.0613, 1.64244, 0.1894, 0.357848, 1.12839, 0.323353, 0.333828, 2.57634, 1.7562, 0.355726, 1.88366, 1.05822]
1998.630677628557

COUNTER = 27
Population: 1790 Generations: 66 instr_cr: 0.040 instr_mu: 0.320 delta: 0.450
Upper: 29.6875000 Mid: 29.2968750 Lower: 28.9062500 --- Events: 26
Best profit: 1971.758
Best profit: 1949.063
Best profit: 1913.949
Best profit: 1916.035
Best profit: 1937.205

Didn't improve. Repeating level.

COUNTER = 27
Population: 3580 Generations: 75 instr_cr: 0.040 instr_mu: 0.320 delta: 0.450
Upper: 29.6875000 Mid: 29.2968750 Lower: 28.9062500 --- Events: 26
Best profit: 2009.539
Trial profit: 2009.539 in 81.838 seconds. Horizon: 29.297 
[1 0 0 1 1 0 1 0 0 1 0 0 0 1 0 1 1 0 1 0 1 0 1 0 0 0; 1 0 0 1 1 0 0 1 0 0 0 1 0 0 0 1 0 1 0 0 1 0 1 1 1 0; 0 2 0 2 2 2 0 2 0 0 2 0 2 2 0 2 2 2 2 0 2 0 2 0 0 2; 0 0 0 0 0 3 0 3 0 3 3 3 0 3 3 0 3 3 3 3 3 3 3 3 0 3; 0 3 3 3 0 0 3 3 3 3 0 3 0 3 0 3 3 0 3 3 3 3 3 0 3 3]
[0.0412713, 1.51147, 1.74548, 3.27829, 1.89726, 0.679635, 0.781111, 1.09748, 0.785277, 0.136914, 1.31348, 0.844833, 0.25288, 0.820094, 1.41467, 2.62778, 0.634984, 2.02825, 0.188026, 1.81192, 0.453566, 2.03367, 0.795167, 0.21022, 0.861458, 1.05167]
2009.5385747056357

Found. Horizon: 29.297
COUNTER = 28
Population: 3683 Generations: 76 instr_cr: 0.030 instr_mu: 0.240 delta: 0.463
Upper: 29.2968750 Mid: 29.1015625 Lower: 28.9062500 --- Events: 25
Best profit: 1933.199
Best profit: 1981.549
Best profit: 1951.078
Best profit: 1911.161
Best profit: 1927.887
Trial profit: 1981.549 in 124.489 seconds. Horizon: 29.102 
[1 1 1 0 1 0 1 0 0 1 1 0 1 0 0 0 1 0 1 0 0 1 0 1 0; 1 1 1 0 0 1 0 0 1 0 1 0 0 0 1 0 0 1 0 1 0 1 0 0 0; 0 2 2 2 0 2 2 2 0 2 2 0 2 0 0 2 2 2 0 2 0 2 0 0 2; 0 3 0 3 3 3 3 3 0 0 3 0 3 3 0 3 3 0 3 3 3 3 0 3 3; 0 0 0 3 0 3 3 0 3 3 3 3 3 3 0 3 0 0 0 0 3 3 3 3 3]
[2.75421, 2.6667, 1.82454, 0.844508, 0.665118, 1.72467, 0.190126, 1.41909, 0.992442, 2.30676, 1.08289, 1.32213, 0.374605, 0.554572, 0.464481, 1.88377, 1.18872, 1.40589, 0.637335, 0.971481, 1.05625, 0.304757, 1.40951, 0.0490893, 1.00791]
1981.5491287599486

COUNTER = 29
Population: 3789 Generations: 76 instr_cr: 0.020 instr_mu: 0.160 delta: 0.475
Upper: 29.2968750 Mid: 29.1992188 Lower: 29.1015625 --- Events: 26
Best profit: 1936.189
Best profit: 1889.585
Best profit: 1960.861
Best profit: 1898.751
Best profit: 1947.447

Didn't improve. Repeating level.

COUNTER = 29
Population: 7578 Generations: 95 instr_cr: 0.020 instr_mu: 0.160 delta: 0.475
Upper: 29.2968750 Mid: 29.1992188 Lower: 29.1015625 --- Events: 26
Best profit: 1971.556
Best profit: 1943.563
Best profit: 2029.227
Trial profit: 2029.227 in 240.780 seconds. Horizon: 29.199 
[1 0 0 1 1 0 0 1 0 1 0 1 0 1 0 1 0 1 0 0 1 1 0 1 1 0; 0 1 0 1 0 1 0 0 1 0 1 0 0 0 1 0 1 0 0 1 0 1 0 1 1 0; 0 2 0 2 2 2 0 2 0 2 2 2 2 2 2 2 0 2 0 0 2 2 0 2 0 2; 3 3 0 3 3 3 0 3 3 3 3 0 3 3 3 3 3 3 0 3 0 3 3 3 0 3; 0 0 0 0 3 0 3 0 3 0 3 0 3 3 0 3 3 3 3 3 3 3 3 3 3 3]
[0.00123186, 1.47687, 1.19, 2.65317, 0.680341, 0.620972, 1.34804, 1.36449, 0.971453, 2.34029, 0.135854, 0.274498, 2.37034, 0.498305, 2.11671, 0.764107, 1.89172, 1.1691, 0.235167, 0.674044, 2.14292, 1.43849, 0.513406, 0.357402, 1.10015, 0.870157]
2029.2266553281981

Found. Horizon: 29.199
COUNTER = 30
Population: 7796 Generations: 96 instr_cr: 0.010 instr_mu: 0.080 delta: 0.488
Upper: 29.1992188 Mid: 29.1503906 Lower: 29.1015625 --- Events: 26
Best profit: 1945.148
Best profit: 1924.486
Best profit: 1972.702
Best profit: 1916.996
Best profit: 1949.110
Trial profit: 1972.702 in 362.804 seconds. Horizon: 29.150 
[1 0 1 0 1 1 1 0 1 0 0 0 1 0 1 0 1 0 0 1 0 0 1 1 0 1; 1 0 1 0 1 1 0 0 0 0 0 1 0 1 0 1 0 0 0 0 1 0 0 1 1 0; 0 2 2 0 2 2 2 2 2 0 0 2 2 0 2 0 2 0 0 2 2 0 2 2 0 2; 0 3 3 0 3 3 3 3 3 0 3 3 3 0 3 3 0 3 3 0 3 0 3 3 3 3; 0 0 0 0 0 3 3 3 3 3 3 0 3 3 3 3 0 3 3 3 0 0 3 3 3 3]
[2.35461, 0.499479, 0.274732, 2.74367, 3.08045, 0.0481775, 0.576389, 2.16276, 0.0591948, 0.119652, 0.154519, 2.39292, 0.899286, 1.78771, 1.54349, 0.999128, 0.529068, 1.31903, 0.29079, 0.243303, 0.596291, 1.51713, 1.90082, 1.4839, 0.478887, 1.09501]
1972.7019173009382

Shortest horizon found: 0.0000000 in 362.804 seconds
COUNTER = 31
Population: 8020 Generations: 97 instr_cr: 0.100 instr_mu: 0.800 delta: 0.500
Upper: 50.0000000 Mid: 25.0000000 Lower: 0.0000000 --- Events: 22
Best profit: 1641.675
Best profit: 1632.079
Best profit: 1622.206
Best profit: 1623.875
Best profit: 1648.436
Trial profit: 1648.436 in 104.513 seconds. Horizon: 25.000 
[1 0 1 1 1 0 0 0 1 0 0 1 0 0 1 0 1 1 0 0 1 0; 1 0 0 1 0 1 0 0 0 1 0 0 1 0 0 1 0 0 1 0 1 0; 0 2 0 2 2 2 0 2 0 2 0 2 0 2 2 2 2 2 0 0 2 2; 3 0 0 3 0 0 0 0 0 3 3 0 0 0 3 3 3 3 3 0 3 3; 3 0 3 3 3 3 3 3 0 3 3 0 0 0 0 0 3 3 3 0 3 3]
[0.686945, 2.05744, 0.583922, 3.2433, 0.0899684, 1.87668, 0.0152167, 0.686047, 0.757556, 1.07393, 0.838582, 1.48049, 0.525209, 0.660332, 2.17587, 0.489133, 2.65321, 0.628692, 0.672549, 0.692934, 2.00023, 1.11177]
1648.436361285796

COUNTER = 32
Population: 7138 Generations: 93 instr_cr: 0.090 instr_mu: 0.720 delta: 0.513
Upper: 50.0000000 Mid: 37.5000000 Lower: 25.0000000 --- Events: 34
Best profit: 2594.611
Trial profit: 2594.611 in 133.394 seconds. Horizon: 37.500 
[0 0 1 1 1 1 0 1 0 0 1 0 0 1 1 0 0 1 0 1 0 1 0 0 1 0 0 1 0 1 1 0 0 1; 1 0 0 1 0 1 0 1 0 0 1 0 1 0 1 0 0 0 1 0 0 1 0 0 0 1 0 0 1 0 1 0 0 1; 2 2 2 0 0 2 2 0 2 0 2 0 2 0 2 0 2 0 2 0 2 2 0 0 2 0 2 0 2 2 2 0 0 2; 0 3 0 0 3 3 0 0 0 0 0 3 0 3 3 3 3 3 0 0 3 3 0 3 3 3 3 3 3 3 3 3 3 3; 0 3 3 0 0 3 0 3 3 3 3 3 3 0 3 0 0 3 3 3 3 3 3 0 3 3 0 0 0 0 3 3 0 3]
[0.232729, 0.0236315, 2.68799, 2.77946, 0.13318, 1.8361, 1.00642, 0.927565, 1.25468, 0.65012, 1.62657, 0.641656, 0.408043, 2.70317, 0.644486, 0.586156, 1.1876, 1.18994, 1.44473, 0.366071, 1.96262, 0.175814, 0.696646, 1.74076, 0.821957, 1.24662, 0.597354, 1.18417, 1.64076, 1.99481, 1.22442, 0.232438, 0.541126, 1.11021]
2594.6107077227884

Found. Horizon: 37.500
COUNTER = 33
Population: 6353 Generations: 89 instr_cr: 0.080 instr_mu: 0.640 delta: 0.525
Upper: 37.5000000 Mid: 31.2500000 Lower: 25.0000000 --- Events: 28
Best profit: 2149.964
Trial profit: 2149.964 in 152.939 seconds. Horizon: 31.250 
[1 1 0 1 0 0 1 0 1 1 1 1 1 0 1 0 1 0 0 1 0 0 1 1 0 0 1 0; 1 1 0 0 1 0 0 1 0 1 0 0 1 0 0 0 1 0 0 0 1 0 0 1 1 1 0 1; 2 0 2 0 2 0 2 0 2 2 2 0 0 2 0 2 0 0 2 0 2 0 2 2 0 2 0 2; 0 3 0 0 0 0 3 3 3 3 3 0 3 3 3 3 0 3 3 3 0 3 0 3 0 3 0 3; 3 3 3 3 3 3 3 3 0 3 3 0 3 0 3 0 0 0 0 0 0 3 3 3 3 3 0 3]
[3.3343, 1.60079, 1.09637, 0.636186, 0.521459, 1.5124, 1.64893, 1.01788, 2.66643, 2.6698, 0.592726, 0.0713889, 0.877434, 1.81334, 0.219819, 0.423334, 0.723579, 0.623704, 1.41083, 0.587, 1.26738, 0.812037, 2.00918, 0.76872, 1.23184, 0.463507, 0.648642, 0.000987156]
2149.9637192885425

Found. Horizon: 31.250
COUNTER = 34
Population: 5654 Generations: 85 instr_cr: 0.070 instr_mu: 0.560 delta: 0.538
Upper: 31.2500000 Mid: 28.1250000 Lower: 25.0000000 --- Events: 25
Best profit: 1874.027
Best profit: 1882.389
Best profit: 1832.097
Best profit: 1913.948
Best profit: 1893.982
Trial profit: 1913.948 in 229.625 seconds. Horizon: 28.125 
[1 1 0 0 1 0 0 1 0 1 0 0 1 0 0 1 1 1 0 0 1 1 0 1 1; 1 1 0 0 0 1 0 0 1 0 0 1 0 0 1 0 1 0 1 0 1 0 0 1 1; 2 0 2 0 2 2 0 2 0 2 0 2 0 0 2 2 2 2 0 2 2 0 0 0 2; 0 0 0 0 0 3 3 3 3 3 3 3 3 0 3 3 3 3 3 3 3 0 3 0 3; 3 0 0 0 0 3 3 0 3 3 0 3 0 3 0 3 0 3 3 3 3 3 0 3 3]
[3.32863, 0.169816, 0.364349, 2.13083, 0.674282, 1.08801, 0.903657, 1.37981, 1.28712, 0.207604, 1.83928, 0.652572, 0.606037, 0.892824, 1.20397, 2.22418, 2.48421, 0.909391, 0.465039, 2.20153, 0.942383, 0.0204432, 0.141566, 0.896196, 1.11126]
1913.9483346113489

COUNTER = 35
Population: 5032 Generations: 82 instr_cr: 0.060 instr_mu: 0.480 delta: 0.550
Upper: 31.2500000 Mid: 29.6875000 Lower: 28.1250000 --- Events: 26
Best profit: 1988.773
Best profit: 1985.847
Best profit: 1992.426
Best profit: 1993.021
Best profit: 1999.856
Trial profit: 1999.856 in 296.130 seconds. Horizon: 29.688 
[1 0 0 1 0 0 1 1 1 0 1 0 1 0 1 0 0 0 1 0 0 1 0 1 1 0; 1 0 1 0 0 0 1 1 0 1 0 1 0 0 1 0 0 0 0 1 0 0 1 1 1 0; 0 2 0 2 0 0 2 2 2 2 2 0 0 2 2 0 0 0 2 0 2 0 2 2 0 2; 0 3 0 0 3 0 3 3 3 0 3 3 3 3 3 0 3 0 3 3 3 3 3 3 0 3; 0 3 0 3 0 0 0 0 3 3 3 3 3 3 0 3 3 0 0 0 0 0 3 3 3 3]
[2.44907, 0.0991292, 0.45219, 0.378908, 0.0390022, 2.40277, 3.11418, 2.96436, 0.355715, 2.6804, 0.18204, 0.21813, 1.26558, 1.80752, 0.463658, 0.635076, 0.385183, 1.15616, 0.700753, 1.23953, 0.66295, 1.11857, 1.99187, 0.528737, 1.33527, 1.06075]
1999.855791240967

COUNTER = 36
Population: 4479 Generations: 80 instr_cr: 0.050 instr_mu: 0.400 delta: 0.563
Upper: 31.2500000 Mid: 30.4687500 Lower: 29.6875000 --- Events: 27
Best profit: 2048.462
Trial profit: 2048.462 in 308.455 seconds. Horizon: 30.469 
[1 1 1 0 0 1 0 0 1 0 1 0 0 1 0 0 1 0 0 0 1 0 1 0 1 1 1; 1 1 0 1 0 1 0 0 1 0 1 0 0 1 0 0 1 0 0 1 0 0 1 0 1 0 1; 0 2 2 2 0 2 2 0 2 2 0 2 2 2 2 2 2 0 0 2 0 2 0 2 2 0 2; 3 3 3 3 3 0 3 0 3 3 3 3 3 3 3 0 3 3 3 3 3 3 3 0 3 0 3; 3 3 3 0 3 3 3 0 3 3 0 3 3 0 0 0 3 3 3 3 3 3 0 3 3 3 3]
[2.7281, 2.74639, 0.296984, 1.37433, 1.09957, 1.88689, 0.722222, 0.13011, 1.97416, 1.01301, 0.24546, 0.296769, 2.1295, 0.122366, 0.601182, 2.02485, 0.629524, 1.14909, 0.83426, 0.09009, 1.16139, 1.48144, 0.401763, 2.23106, 0.613345, 1.37718, 1.10772]
2048.462016595948

Found. Horizon: 30.469
COUNTER = 37
Population: 3987 Generations: 77 instr_cr: 0.040 instr_mu: 0.320 delta: 0.575
Upper: 30.4687500 Mid: 30.0781250 Lower: 29.6875000 --- Events: 26
Best profit: 1998.388
Best profit: 1985.861
Best profit: 2046.564
Trial profit: 2046.564 in 337.874 seconds. Horizon: 30.078 
[0 1 0 0 1 0 1 1 0 0 1 0 1 0 0 1 0 1 0 1 0 1 0 1 0 0; 1 0 0 0 1 0 1 0 0 1 0 1 0 0 0 1 0 0 1 0 0 1 0 1 1 0; 2 0 2 2 2 2 2 2 2 0 2 2 0 2 0 2 0 2 0 2 0 2 0 2 0 2; 0 3 3 3 0 3 3 3 3 0 3 3 0 3 3 3 3 3 3 3 3 3 3 3 3 3; 3 3 0 0 0 3 3 0 3 0 3 3 3 3 0 3 3 3 3 3 3 3 3 3 3 3]
[0.496946, 0.394296, 0.950572, 1.48334, 2.16373, 1.16442, 2.66189, 0.42636, 0.462774, 1.77059, 2.23326, 0.450563, 1.41136, 0.287556, 1.17134, 0.147398, 2.52406, 0.815174, 1.2399, 1.35762, 0.778304, 0.324835, 2.24399, 0.76908, 1.22784, 1.12091]
2046.5640732223408

Found. Horizon: 30.078
COUNTER = 38
Population: 3549 Generations: 75 instr_cr: 0.030 instr_mu: 0.240 delta: 0.588
Upper: 30.0781250 Mid: 29.8828125 Lower: 29.6875000 --- Events: 26
Best profit: 2000.000
Trial profit: 2000.000 in 345.858 seconds. Horizon: 29.883 
[1 1 0 0 1 1 0 0 1 0 0 1 0 0 0 1 0 1 0 1 0 0 0 1 1 1; 1 0 0 1 1 0 0 1 0 1 1 0 1 0 0 0 0 1 0 0 1 0 0 0 1 1; 0 0 0 2 2 2 0 2 2 0 0 2 2 2 0 2 0 2 2 0 2 0 0 2 2 2; 0 3 3 3 3 3 0 0 3 0 3 0 3 3 3 0 3 3 3 3 3 0 3 3 3 3; 0 0 0 0 0 0 0 3 3 3 0 3 3 3 0 0 3 3 3 3 0 3 3 3 0 3]
[2.73427, 0.557175, 0.0487726, 3.33341, 3.07308, 0.154971, 0.120911, 2.46105, 0.943991, 0.390947, 1.39928, 2.04541, 0.0196854, 0.280597, 0.33252, 0.36997, 2.3401, 2.0019, 0.868897, 1.18808, 0.3735, 0.365892, 1.26245, 0.0403981, 2.04025, 1.1353]
2000.0000000000005

Found. Horizon: 29.883
COUNTER = 39
Population: 3159 Generations: 73 instr_cr: 0.020 instr_mu: 0.160 delta: 0.600
Upper: 29.8828125 Mid: 29.7851563 Lower: 29.6875000 --- Events: 26
Best profit: 2024.906
Trial profit: 2024.906 in 353.259 seconds. Horizon: 29.785 
[1 0 1 0 0 0 0 0 1 0 1 1 1 0 1 0 0 1 1 0 0 1 0 0 1 1; 1 0 0 0 0 1 0 0 0 1 0 1 0 1 0 0 1 0 1 0 0 0 1 0 1 0; 0 0 2 2 2 2 0 0 2 2 0 2 2 2 0 2 0 2 2 2 0 2 2 0 2 2; 0 0 0 0 0 3 3 0 3 3 3 0 0 3 3 0 3 3 3 3 3 3 3 3 3 3; 3 3 3 3 3 0 3 3 3 3 3 0 3 3 3 3 0 3 3 3 3 0 3 0 3 3]
[0.379395, 2.28706, 0.253169, 0.108586, 0.312667, 0.0640352, 0.315304, 1.6088, 1.523, 1.06454, 2.46678, 2.58254, 1.6367, 1.03192, 1.26023, 0.860417, 0.865224, 2.46561, 0.304673, 1.06046, 1.03502, 1.47482, 0.456283, 1.56115, 1.78899, 1.01779]
2024.9062215957952

Found. Horizon: 29.785
COUNTER = 40
Population: 2812 Generations: 71 instr_cr: 0.010 instr_mu: 0.080 delta: 0.612
Upper: 29.7851563 Mid: 29.7363281 Lower: 29.6875000 --- Events: 26
Best profit: 1997.457
Best profit: 1993.441
Best profit: 1934.509
Best profit: 1932.146
Best profit: 2036.082
Trial profit: 2036.082 in 384.206 seconds. Horizon: 29.736 
[1 0 1 0 0 1 0 1 0 1 0 0 1 0 1 0 0 1 0 1 0 1 1 1 0 1; 1 0 0 1 0 0 1 0 0 1 0 0 1 0 1 0 0 0 1 0 0 1 1 1 0 1; 2 0 2 0 2 2 0 2 0 2 2 0 2 2 2 0 0 2 0 2 0 2 2 2 0 2; 3 3 3 0 0 0 0 0 0 3 3 0 3 0 3 3 0 3 0 3 0 3 3 3 3 3; 3 0 0 0 0 3 3 0 3 3 3 3 0 3 0 0 0 3 3 3 3 3 3 3 0 3]
[1.14326, 1.52563, 0.663492, 0.669841, 1.32973, 1.47201, 1.02486, 1.81791, 0.637134, 2.17151, 0.145336, 0.605431, 0.663503, 2.14376, 1.25505, 0.11761, 0.991178, 1.01512, 0.977319, 0.274665, 2.09589, 2.48639, 2.05229, 0.762279, 0.781013, 0.914118]
2036.0815569858273

Found. Horizon: 29.736
Shortest horizon found: 0.0000000 in 384.206 seconds
COUNTER = 41
Population: 2503 Generations: 70 instr_cr: 0.100 instr_mu: 0.800 delta: 0.625
Upper: 50.0000000 Mid: 25.0000000 Lower: 0.0000000 --- Events: 22
Best profit: 1633.723
Best profit: 1682.241
Best profit: 1550.000
Best profit: 1600.000
Best profit: 1685.932
Trial profit: 1685.932 in 21.837 seconds. Horizon: 25.000 
[1 0 1 0 0 1 0 0 0 0 1 0 1 0 1 0 0 1 0 1 1 0; 0 1 0 1 0 0 0 0 1 0 0 1 0 0 1 0 0 1 1 0 1 0; 2 2 0 2 2 0 2 0 0 0 2 2 0 2 2 0 2 2 2 2 2 2; 0 0 3 3 3 3 0 0 0 3 3 3 3 3 3 3 3 3 3 0 3 3; 3 3 0 3 0 0 0 0 3 3 3 3 3 3 3 0 3 3 3 3 3 3]
[0.293901, 2.37283, 1.02079, 0.0449519, 1.60115, 0.179547, 0.415787, 1.08286, 0.450584, 0.720499, 2.11143, 0.566994, 1.09452, 1.70154, 0.250627, 1.39209, 1.72171, 2.39566, 0.22591, 2.31457, 1.95217, 1.08986]
1685.9322651510618

COUNTER = 42
Population: 2549 Generations: 70 instr_cr: 0.090 instr_mu: 0.720 delta: 0.637
Upper: 50.0000000 Mid: 37.5000000 Lower: 25.0000000 --- Events: 34
Best profit: 2586.801
Trial profit: 2586.801 in 29.160 seconds. Horizon: 37.500 
[1 1 0 0 0 1 1 0 1 0 1 0 1 1 0 0 1 1 0 1 0 1 0 0 1 0 0 1 0 0 1 1 1 1; 1 1 0 0 0 1 0 1 1 0 1 0 0 1 0 1 0 0 1 0 1 0 0 0 1 0 1 0 0 0 1 1 0 0; 2 2 0 2 0 2 2 2 2 2 2 2 0 2 2 2 2 2 2 2 0 2 0 0 2 0 0 2 0 2 2 0 0 2; 0 3 3 0 3 0 3 3 3 3 0 3 0 3 3 0 0 3 0 3 3 3 0 3 3 0 3 3 0 3 3 3 0 3; 3 0 3 3 3 0 3 0 3 3 3 3 0 3 3 3 3 3 3 3 3 3 0 0 3 3 3 0 0 0 3 0 0 3]
[2.71691, 0.445511, 1.0958, 0.834626, 0.487894, 2.66712, 0.133852, 2.56337, 2.0339, 0.654676, 1.68843, 0.998267, 0.468701, 2.43076, 0.229529, 0.0426564, 2.66248, 0.599141, 2.07108, 1.23787, 1.33912, 0.208466, 0.337737, 1.53708, 0.694591, 1.08875, 0.904181, 0.786088, 1.2427, 0.180131, 0.334392, 0.529123, 1.13855, 1.11652]
2586.8008048727384

Found. Horizon: 37.500
COUNTER = 43
Population: 2596 Generations: 70 instr_cr: 0.080 instr_mu: 0.640 delta: 0.650
Upper: 37.5000000 Mid: 31.2500000 Lower: 25.0000000 --- Events: 28
Best profit: 2050.000
Trial profit: 2050.000 in 35.074 seconds. Horizon: 31.250 
[1 0 1 1 1 0 0 1 0 0 1 1 1 0 1 0 1 0 0 1 1 1 0 1 0 1 1 1; 0 0 1 1 1 1 0 1 0 0 0 1 1 0 0 1 0 0 1 0 1 0 1 0 0 1 0 1; 2 2 0 0 0 2 2 2 0 2 0 2 2 0 2 0 2 0 0 2 2 2 0 2 0 2 0 2; 3 0 0 3 3 3 0 3 3 0 0 0 0 0 3 3 3 0 3 3 3 3 3 3 3 3 3 3; 3 3 0 3 3 0 0 0 0 3 0 3 3 0 3 3 3 3 0 0 3 3 3 3 3 3 3 3]
[0.0363158, 0.257153, 0.133047, 3.37155, 0.242931, 0.219109, 0.030178, 0.220918, 1.89222, 0.695427, 0.63619, 3.34047, 0.893964, 1.83583, 0.890304, 1.6528, 1.24407, 0.392367, 0.82137, 2.55737, 2.50739, 0.770646, 1.35819, 1.39754, 0.644275, 1.74379, 0.28377, 1.18081]
2050.0000000000005

Found. Horizon: 31.250
COUNTER = 44
Population: 2644 Generations: 71 instr_cr: 0.070 instr_mu: 0.560 delta: 0.662
Upper: 31.2500000 Mid: 28.1250000 Lower: 25.0000000 --- Events: 25
Best profit: 1853.616
Best profit: 1840.358
Best profit: 1896.396
Best profit: 1893.438
Best profit: 1852.753
Trial profit: 1896.396 in 60.714 seconds. Horizon: 28.125 
[1 0 1 1 0 1 0 0 1 0 1 0 1 0 1 0 1 0 0 1 1 1 1 1 0; 0 1 0 1 0 1 0 0 0 1 0 1 0 1 0 1 0 0 0 1 1 0 0 1 1; 0 0 2 0 2 2 2 2 0 2 2 0 2 2 2 2 0 2 0 2 2 0 2 0 2; 0 0 3 3 3 0 0 0 3 3 3 3 3 3 3 3 3 3 3 3 3 3 3 0 3; 3 0 0 3 3 3 3 0 0 3 0 0 0 0 0 0 0 3 0 3 3 3 3 0 3]
[0.019272, 0.0793067, 3.12617, 1.06368, 2.08809, 1.89251, 0.204378, 0.559403, 0.773022, 1.9071, 1.81817, 0.807962, 2.52958, 0.223515, 2.4635, 0.408895, 1.05852, 0.27207, 1.72681, 2.14596, 1.63961, 0.246531, 0.201188, 0.864586, 0.00515215]
1896.3962383124858

COUNTER = 45
Population: 2693 Generations: 71 instr_cr: 0.060 instr_mu: 0.480 delta: 0.675
Upper: 31.2500000 Mid: 29.6875000 Lower: 28.1250000 --- Events: 26
Best profit: 2000.000
Trial profit: 2000.000 in 66.382 seconds. Horizon: 29.688 
[1 1 1 0 1 0 1 0 1 0 0 1 1 0 1 0 0 0 1 0 1 0 1 1 1 0; 1 1 0 0 0 1 0 1 0 0 0 1 0 1 0 1 0 0 0 0 1 1 1 1 1 1; 0 2 2 2 2 2 2 0 2 2 2 2 2 2 2 0 2 2 2 0 2 0 2 0 2 0; 0 3 3 0 0 3 3 3 0 3 0 0 3 0 3 0 3 0 0 3 0 3 3 3 3 3; 3 3 0 0 0 0 3 3 0 0 0 0 3 3 3 3 0 3 0 3 0 3 3 0 3 3]
[3.47767, 0.0269778, 2.49944, 0.30707, 0.57054, 2.1917, 1.65182, 0.798455, 2.23795, 0.163379, 0.244358, 2.95059, 0.430974, 2.08376, 1.29662, 0.835231, 0.329354, 0.154119, 1.50201, 0.515437, 0.0928376, 2.20013, 0.616997, 1.3871, 1.11643, 0.00654859]
2000.0000000000002

Found. Horizon: 29.688
COUNTER = 46
Population: 2743 Generations: 71 instr_cr: 0.050 instr_mu: 0.400 delta: 0.687
Upper: 29.6875000 Mid: 28.9062500 Lower: 28.1250000 --- Events: 25
Best profit: 1893.921
Best profit: 1963.104
Best profit: 1888.733
Best profit: 1899.796
Best profit: 1911.640
Trial profit: 1963.104 in 94.361 seconds. Horizon: 28.906 
[1 1 1 0 1 0 0 0 1 0 1 0 1 0 1 0 1 0 0 0 1 0 0 1 1; 1 1 1 0 1 0 0 0 1 0 0 1 0 1 0 0 1 0 0 1 0 0 0 1 0; 2 2 2 2 2 0 2 0 0 2 2 2 2 2 0 2 2 0 2 0 2 0 0 2 2; 0 0 3 0 3 3 3 0 0 3 3 3 3 3 0 3 3 3 0 3 3 3 3 3 3; 0 0 0 0 0 0 3 0 3 3 3 0 3 0 0 0 0 0 0 3 3 3 3 3 3]
[3.03057, 2.71856, 0.374401, 2.36566, 0.559365, 1.17216, 0.535972, 0.710674, 0.201662, 2.4631, 0.67009, 1.72116, 1.93933, 0.708142, 0.976666, 1.67686, 1.72892, 0.305295, 0.181173, 0.248885, 0.647238, 1.2444, 0.153711, 1.62651, 0.945752]
1963.1041590754826

COUNTER = 47
Population: 2794 Generations: 71 instr_cr: 0.040 instr_mu: 0.320 delta: 0.700
Upper: 29.6875000 Mid: 29.2968750 Lower: 28.9062500 --- Events: 26
Best profit: 1950.000
Best profit: 1971.456
Best profit: 1954.988
Best profit: 1903.760
Best profit: 1989.326
Trial profit: 1989.326 in 124.290 seconds. Horizon: 29.297 
[1 0 1 1 0 0 1 0 0 0 1 0 1 0 1 0 1 0 1 0 1 0 0 1 1 1; 1 0 1 0 1 0 0 1 1 1 0 0 1 0 0 1 0 1 0 1 0 0 0 1 1 1; 0 2 2 2 2 0 2 0 2 2 2 0 2 0 2 2 2 0 2 2 2 0 2 2 0 2; 0 3 3 3 0 3 0 3 0 0 3 3 3 3 3 3 3 3 3 3 3 0 3 0 3 3; 0 0 0 0 3 3 0 3 3 0 3 3 0 0 0 3 3 3 3 3 3 0 3 0 3 3]
[2.48847, 0.522123, 2.56771, 0.896152, 1.52526, 0.282713, 1.77038, 0.00469575, 0.0200787, 1.43327, 1.32903, 0.958655, 1.70265, 0.956369, 0.723766, 1.94223, 1.37323, 0.751122, 2.14754, 0.411088, 0.625392, 1.60371, 0.122318, 0.688075, 1.33061, 1.12023]
1989.325575333691

COUNTER = 48
Population: 2846 Generations: 72 instr_cr: 0.030 instr_mu: 0.240 delta: 0.712
Upper: 29.6875000 Mid: 29.4921875 Lower: 29.2968750 --- Events: 26
Best profit: 1974.147
Best profit: 1949.029
Best profit: 1907.448
Best profit: 1941.538
Best profit: 1982.806

Didn't improve. Repeating level.

COUNTER = 48
Population: 5692 Generations: 86 instr_cr: 0.030 instr_mu: 0.240 delta: 0.712
Upper: 29.6875000 Mid: 29.4921875 Lower: 29.2968750 --- Events: 26
Best profit: 1952.832
Best profit: 1991.277
Best profit: 2013.263
Trial profit: 2013.263 in 202.515 seconds. Horizon: 29.492 
[0 1 0 0 1 0 1 0 1 0 0 1 0 1 0 1 0 0 1 0 1 0 1 1 0 1; 1 0 0 0 0 1 0 1 0 0 1 0 1 0 1 0 0 1 0 0 1 0 1 1 0 0; 0 2 2 0 0 2 2 2 2 2 2 2 0 2 0 2 0 2 2 0 2 0 2 2 0 2; 0 0 3 0 0 0 0 3 3 3 3 3 3 0 0 0 0 0 3 3 3 0 3 3 0 3; 3 0 0 0 0 0 0 3 3 0 3 3 3 0 3 3 3 3 3 3 3 0 3 3 0 3]
[0.0346884, 0.37744, 0.574034, 1.92106, 0.140266, 2.836, 0.373417, 2.36926, 0.349346, 0.337389, 1.99627, 1.2182, 1.38501, 1.69924, 0.924909, 0.760588, 1.24342, 1.32342, 0.352846, 1.65736, 0.540678, 2.09494, 2.23055, 0.308719, 1.44184, 1.00127]
2013.2633712566126

Found. Horizon: 29.492
COUNTER = 49
Population: 5797 Generations: 86 instr_cr: 0.020 instr_mu: 0.160 delta: 0.725
Upper: 29.4921875 Mid: 29.3945313 Lower: 29.2968750 --- Events: 26
Best profit: 1964.825
Best profit: 1934.173
Best profit: 1994.783
Best profit: 1864.187
Best profit: 2018.292
Trial profit: 2018.292 in 280.954 seconds. Horizon: 29.395 
[0 1 0 1 0 0 1 0 1 0 0 1 0 1 0 1 1 0 0 1 0 1 0 1 1 0; 1 0 0 1 0 0 1 0 0 1 0 0 1 0 0 1 0 1 0 0 1 0 0 1 0 0; 0 0 2 0 2 0 2 0 2 0 2 2 2 0 2 2 2 2 0 2 2 2 0 2 0 2; 3 3 0 0 0 0 0 0 0 0 3 3 3 0 0 3 3 3 3 3 3 3 3 3 3 3; 0 3 0 0 3 0 0 0 0 3 0 3 3 0 3 3 3 0 3 3 3 3 0 3 3 3]
[0.373085, 0.795164, 2.03539, 1.17343, 0.312069, 1.80201, 0.401052, 2.1907, 0.760455, 1.18033, 0.166735, 1.99259, 0.670916, 0.632291, 2.03292, 2.47635, 0.381192, 1.10032, 0.909506, 1.46161, 1.43523, 1.27391, 0.726054, 0.762684, 1.23745, 1.11108]
2018.2923427298072

Found. Horizon: 29.395
COUNTER = 50
Population: 5903 Generations: 87 instr_cr: 0.010 instr_mu: 0.080 delta: 0.737
Upper: 29.3945313 Mid: 29.3457031 Lower: 29.2968750 --- Events: 26
Best profit: 1968.612
Best profit: 1966.045
Best profit: 1923.066
Best profit: 1980.201
Best profit: 1939.750
Trial profit: 1980.201 in 364.735 seconds. Horizon: 29.346 
[1 0 1 1 0 1 1 0 1 1 0 1 0 0 1 0 1 0 1 0 1 0 1 0 0 1; 1 0 0 0 0 1 0 1 0 1 1 0 0 1 0 0 0 1 0 1 0 0 1 0 0 0; 0 2 0 2 0 2 2 2 0 2 2 0 2 0 2 0 2 2 2 0 2 0 2 0 2 2; 3 3 3 3 0 0 0 3 3 3 3 0 3 3 3 3 0 3 3 0 3 0 3 0 3 3; 3 3 0 3 0 0 0 3 3 3 3 3 0 0 3 0 0 3 3 3 0 3 3 3 3 3]
[0.0290864, 0.023692, 0.113947, 0.123742, 3.04451, 2.63352, 1.53826, 1.06319, 2.37864, 2.3351, 0.973401, 1.00498, 1.35539, 0.313617, 1.74843, 0.900401, 0.36992, 2.29158, 1.02587, 1.00906, 0.741091, 1.31795, 0.478245, 1.45125, 1.07965, 0.0011839]
1980.2010327578193

Shortest horizon found: 0.0000000 in 364.735 seconds
COUNTER = 51
Population: 6011 Generations: 87 instr_cr: 0.100 instr_mu: 0.800 delta: 0.750
Upper: 50.0000000 Mid: 25.0000000 Lower: 0.0000000 --- Events: 22
Best profit: 1631.977
Best profit: 1647.923
Best profit: 1668.698
Best profit: 1612.122
Best profit: 1603.698
Trial profit: 1668.698 in 67.259 seconds. Horizon: 25.000 
[1 1 1 0 0 1 0 0 0 1 0 1 0 1 0 0 1 0 0 1 1 1; 1 1 0 1 0 0 0 1 0 0 0 1 0 0 1 0 0 0 1 0 1 0; 2 2 2 2 0 0 2 0 0 2 0 2 2 0 2 0 2 0 2 0 2 2; 0 0 0 0 3 3 0 3 0 3 0 3 3 3 3 0 3 3 3 3 3 3; 3 3 0 0 3 0 3 3 3 3 3 3 3 3 3 3 3 3 3 3 3 3]
[2.93086, 2.4236, 0.936858, 1.37527, 0.348099, 0.323474, 1.28628, 0.20583, 0.848449, 0.957404, 1.33439, 0.585989, 1.94322, 0.80941, 0.0413333, 1.76076, 0.36542, 1.62288, 0.671514, 1.40348, 1.80205, 1.02343]
1668.6980290058693

COUNTER = 52
Population: 5695 Generations: 86 instr_cr: 0.090 instr_mu: 0.720 delta: 0.762
Upper: 50.0000000 Mid: 37.5000000 Lower: 25.0000000 --- Events: 34
Best profit: 2567.545
Trial profit: 2567.545 in 87.180 seconds. Horizon: 37.500 
[0 1 1 0 0 1 0 0 1 0 0 1 0 0 0 1 0 0 0 1 0 1 1 1 0 1 0 1 0 1 1 1 0 1; 1 0 1 0 0 0 1 0 0 1 0 0 0 1 1 0 0 0 0 1 0 0 1 0 1 0 1 0 1 0 1 0 1 0; 0 0 0 2 2 2 2 2 2 2 0 2 0 2 2 0 0 2 0 2 0 2 2 2 2 2 0 2 2 2 2 0 0 2; 0 3 0 0 3 0 3 3 3 3 3 0 0 3 3 0 0 3 0 3 0 3 3 3 3 3 3 3 3 3 3 3 0 3; 3 0 0 0 3 0 3 3 3 0 3 3 3 3 3 3 3 3 0 3 3 0 3 3 0 3 3 3 3 3 3 3 3 3]
[0.760658, 2.69129, 0.8829, 0.129318, 2.12899, 0.240215, 0.309016, 2.23469, 0.888578, 1.60665, 0.35923, 0.51573, 1.51568, 0.156947, 0.478945, 0.287212, 1.06727, 0.49289, 1.30257, 0.759867, 2.00514, 0.0638974, 2.93213, 0.376105, 2.5807, 0.780518, 1.34373, 2.08673, 1.33773, 2.01084, 0.388821, 1.04098, 0.588218, 1.15581]
2567.5451330241094

Found. Horizon: 37.500
COUNTER = 53
Population: 5396 Generations: 84 instr_cr: 0.080 instr_mu: 0.640 delta: 0.775
Upper: 37.5000000 Mid: 31.2500000 Lower: 25.0000000 --- Events: 28
Best profit: 2107.213
Trial profit: 2107.213 in 103.163 seconds. Horizon: 31.250 
[1 1 1 1 1 0 1 1 0 0 0 0 1 0 1 0 1 0 0 1 0 0 1 0 1 1 0 0; 1 0 1 1 0 0 1 0 0 0 1 0 0 0 1 0 1 1 0 0 1 0 0 1 1 1 0 1; 2 2 2 2 2 0 2 2 2 0 0 0 2 2 0 2 2 0 2 0 2 0 0 2 2 0 0 2; 0 0 3 3 3 0 3 3 3 3 3 3 0 3 3 3 3 0 3 0 3 3 0 3 3 3 3 3; 0 3 0 3 3 0 3 3 0 3 3 0 3 3 3 3 3 3 3 0 3 0 3 3 3 0 3 3]
[0.0669263, 3.19396, 3.30087, 0.0133733, 0.50666, 2.71397, 2.42642, 0.180238, 0.185516, 1.39622, 0.199039, 0.636429, 1.85613, 0.731996, 0.97166, 2.14808, 0.0779469, 1.97382, 0.50053, 0.8945, 1.16543, 0.606748, 0.334937, 2.28718, 0.458117, 0.308728, 1.07414, 1.04044]
2107.2131697898303

Found. Horizon: 31.250
COUNTER = 54
Population: 5112 Generations: 83 instr_cr: 0.070 instr_mu: 0.560 delta: 0.787
Upper: 31.2500000 Mid: 28.1250000 Lower: 25.0000000 --- Events: 25
Best profit: 1866.602
Best profit: 1881.753
Best profit: 1850.000
Best profit: 1908.571
Best profit: 1900.014
Trial profit: 1908.571 in 166.217 seconds. Horizon: 28.125 
[1 0 1 0 1 0 1 0 1 0 0 1 0 0 1 1 0 1 0 1 0 0 1 1 1; 1 0 0 1 0 1 0 1 1 0 0 0 1 0 0 1 0 1 0 1 0 0 1 0 1; 2 2 0 2 2 2 2 2 0 0 0 2 0 0 2 2 0 2 2 2 0 2 2 0 2; 0 0 0 0 0 3 0 3 3 0 3 3 0 3 0 3 0 3 3 3 0 3 0 3 3; 0 0 3 3 3 3 3 3 3 0 3 3 3 0 0 3 3 3 3 3 3 3 3 3 3]
[0.0219152, 2.64608, 0.729794, 1.84359, 1.78676, 0.816888, 2.64197, 0.00994592, 0.173433, 0.832427, 1.35764, 1.1333, 0.204527, 0.665752, 2.42927, 0.039077, 2.6036, 2.1712, 0.489833, 0.385044, 2.05786, 0.0148472, 0.911305, 1.05938, 1.09955]
1908.570982329767

COUNTER = 55
Population: 4843 Generations: 81 instr_cr: 0.060 instr_mu: 0.480 delta: 0.800
Upper: 31.2500000 Mid: 29.6875000 Lower: 28.1250000 --- Events: 26
Best profit: 2016.550
Trial profit: 2016.550 in 178.557 seconds. Horizon: 29.688 
[1 1 0 1 1 0 1 0 0 0 1 0 1 0 1 0 0 1 0 1 0 0 1 1 1 1; 1 0 1 0 0 1 0 0 1 0 0 0 1 0 1 0 0 1 0 0 1 0 1 1 1 0; 0 0 2 0 2 2 2 2 2 0 2 2 2 2 0 2 2 0 2 0 2 0 2 2 0 2; 3 3 3 3 0 0 3 0 3 3 0 0 0 0 0 0 3 3 3 0 3 3 3 3 0 3; 0 3 3 0 0 3 3 0 3 0 3 3 3 3 3 0 3 3 3 3 3 0 3 3 3 3]
[2.76853, 0.436257, 0.306212, 2.72418, 0.280542, 2.38432, 0.505394, 0.44435, 0.48858, 1.2206, 0.633432, 1.92413, 2.01145, 0.928547, 0.140132, 2.01377, 0.512318, 1.33921, 1.31802, 0.681328, 0.312069, 1.69813, 2.10857, 0.742033, 0.839966, 0.925436]
2016.5494793874266

Found. Horizon: 29.688
COUNTER = 56
Population: 4589 Generations: 80 instr_cr: 0.050 instr_mu: 0.400 delta: 0.812
Upper: 29.6875000 Mid: 28.9062500 Lower: 28.1250000 --- Events: 25
Best profit: 1926.128
Best profit: 1963.554
Best profit: 1957.980
Best profit: 1934.867
Best profit: 1914.463
Trial profit: 1963.554 in 234.470 seconds. Horizon: 28.906 
[1 1 1 0 0 1 0 0 1 0 1 0 1 0 0 0 1 0 1 0 1 0 1 1 0; 1 0 0 1 0 0 1 0 0 1 0 1 0 0 1 0 0 1 0 1 0 0 1 0 1; 2 2 2 2 0 2 0 2 0 2 2 0 2 0 2 0 0 2 2 0 2 0 2 0 2; 0 0 3 0 0 0 3 0 3 3 3 3 3 3 3 0 3 3 3 3 3 3 3 3 3; 0 0 3 3 0 3 3 3 0 3 0 3 0 0 0 0 3 3 3 0 3 0 3 3 3]
[0.049373, 2.75188, 0.452118, 1.06231, 1.39829, 0.855635, 1.21489, 0.662923, 1.41568, 1.7583, 1.55251, 1.50076, 1.19993, 0.599556, 0.398264, 0.77864, 1.93104, 1.84642, 1.0424, 1.35249, 0.311558, 1.67002, 0.76994, 1.22321, 1.10811]
1963.5536135107209

COUNTER = 57
Population: 4348 Generations: 79 instr_cr: 0.040 instr_mu: 0.320 delta: 0.825
Upper: 29.6875000 Mid: 29.2968750 Lower: 28.9062500 --- Events: 26
Best profit: 1947.075
Best profit: 1972.118
Best profit: 1958.995
Best profit: 1990.202
Best profit: 1989.466
Trial profit: 1990.202 in 285.828 seconds. Horizon: 29.297 
[1 0 1 0 0 1 0 1 0 1 1 1 0 0 1 0 1 0 1 0 1 0 0 1 1 0; 0 1 1 0 0 1 0 1 0 0 0 1 0 0 1 0 0 1 0 1 0 0 0 1 1 1; 2 0 0 0 0 2 2 0 2 2 0 0 0 2 2 0 2 2 2 0 2 0 0 2 2 2; 0 0 0 3 3 3 3 3 0 0 0 0 0 3 3 3 3 0 3 3 3 0 0 3 3 3; 3 0 3 3 0 0 0 3 0 0 0 3 3 0 3 3 0 3 3 0 3 3 0 3 3 3]
[0.0116404, 2.66028, 0.303468, 0.194544, 2.17267, 1.70058, 1.41111, 0.526034, 2.181, 0.3416, 0.237328, 0.573259, 0.661862, 1.97158, 1.8257, 0.846009, 0.649997, 2.0183, 1.10516, 1.15011, 0.165517, 0.391654, 1.62528, 2.02596, 1.60615, 0.940078]
1990.2020325324986

COUNTER = 58
Population: 4120 Generations: 78 instr_cr: 0.030 instr_mu: 0.240 delta: 0.837
Upper: 29.6875000 Mid: 29.4921875 Lower: 29.2968750 --- Events: 26
Best profit: 2023.029
Trial profit: 2023.029 in 295.959 seconds. Horizon: 29.492 
[1 1 1 0 0 1 0 0 0 1 0 1 0 1 1 0 0 0 1 0 0 0 1 0 1 0; 1 1 1 0 0 0 1 0 0 0 1 0 1 0 1 0 0 0 0 1 0 0 1 0 1 1; 0 2 2 0 2 0 2 0 2 0 2 2 0 2 2 0 2 0 0 2 0 0 2 0 2 2; 3 0 0 0 3 0 3 0 3 3 0 3 3 3 3 3 3 0 0 3 3 3 0 3 3 3; 3 3 0 0 0 0 0 3 3 3 3 3 3 3 0 0 0 3 3 0 3 3 0 3 3 3]
[2.95506, 3.08126, 0.416842, 1.68454, 0.56418, 0.667402, 0.958028, 0.322435, 1.46995, 0.586345, 2.07349, 1.25714, 1.41607, 2.07642, 0.318848, 1.16641, 0.0661877, 1.15114, 0.610488, 0.188251, 1.43097, 0.445687, 0.626081, 1.45425, 1.57811, 0.926596]
2023.0289846373928

Found. Horizon: 29.492
COUNTER = 59
Population: 3904 Generations: 77 instr_cr: 0.020 instr_mu: 0.160 delta: 0.850
Upper: 29.4921875 Mid: 29.3945313 Lower: 29.2968750 --- Events: 26
Best profit: 1994.544
Best profit: 1952.100
Best profit: 1931.384
Best profit: 1998.160
Best profit: 1925.676
Trial profit: 1998.160 in 341.858 seconds. Horizon: 29.395 
[0 0 1 0 0 1 0 1 0 1 0 0 0 1 1 0 0 1 1 0 1 1 0 1 0 0; 0 0 1 0 0 0 1 0 1 0 0 1 0 0 1 0 0 1 1 0 0 1 0 1 0 1; 2 2 0 2 0 0 2 2 2 0 2 0 0 2 2 0 0 2 2 0 2 2 0 2 2 0; 0 0 0 3 3 0 3 0 0 0 3 3 0 0 3 3 3 3 3 0 3 3 0 3 3 3; 3 0 3 0 0 3 0 3 3 3 3 0 3 0 3 0 3 0 3 0 3 3 0 3 3 3]
[0.00693027, 0.0461358, 0.491698, 0.747594, 1.40903, 0.740782, 1.96717, 1.45833, 1.20214, 1.16145, 0.928045, 0.379158, 0.300496, 2.66569, 0.465997, 0.815367, 1.48893, 3.08835, 0.90075, 1.30212, 2.02473, 0.772593, 1.87789, 2.00399, 0.00693027, 1.14224]
1998.1598275963324

COUNTER = 60
Population: 3699 Generations: 76 instr_cr: 0.010 instr_mu: 0.080 delta: 0.862
Upper: 29.4921875 Mid: 29.4433594 Lower: 29.3945313 --- Events: 26
Best profit: 1955.650
Best profit: 1974.011
Best profit: 1925.657
Best profit: 1937.046
Best profit: 1991.638

Didn't improve. Repeating level.

COUNTER = 60
Population: 7398 Generations: 94 instr_cr: 0.010 instr_mu: 0.080 delta: 0.862
Upper: 29.4921875 Mid: 29.4433594 Lower: 29.3945313 --- Events: 26
Best profit: 1956.924
Best profit: 1977.991
Best profit: 1995.964
Best profit: 1977.072
Best profit: 1954.267

Didn't improve. Repeating level.

COUNTER = 60
Population: 14796 Generations: 131 instr_cr: 0.010 instr_mu: 0.080 delta: 0.862
Upper: 29.4921875 Mid: 29.4433594 Lower: 29.3945313 --- Events: 26
Best profit: 1954.209
Best profit: 1975.034
Best profit: 2070.724
Trial profit: 2070.724 in 660.036 seconds. Horizon: 29.443 
[0 1 0 0 1 0 1 0 1 0 1 0 1 0 1 0 1 0 1 0 1 0 0 1 0 0; 1 1 0 0 0 1 0 1 0 1 0 0 1 0 0 1 0 1 0 0 1 0 0 1 1 0; 0 0 0 0 2 2 2 0 2 2 2 0 2 2 0 2 2 2 0 2 0 2 0 2 0 2; 3 0 0 0 0 0 0 3 3 3 0 3 3 3 3 0 3 3 3 3 3 3 3 3 3 3; 3 0 3 3 0 3 3 3 0 3 3 3 3 3 0 3 3 3 3 3 3 0 3 3 3 3]
[0.000333894, 1.6773, 0.777352, 0.210098, 1.17732, 1.48644, 1.84741, 0.831409, 2.15108, 0.569299, 0.887109, 1.85096, 1.93741, 0.730434, 0.665735, 1.99981, 1.74356, 0.923136, 1.24515, 1.09658, 0.5201, 0.658348, 1.34779, 1.08734, 0.909941, 1.11195]
2070.7244932111867

Found. Horizon: 29.443
Shortest horizon found: 0.0000000 in 660.036 seconds
COUNTER = 61
Population: 14018 Generations: 127 instr_cr: 0.100 instr_mu: 0.800 delta: 0.875
Upper: 50.0000000 Mid: 25.0000000 Lower: 0.0000000 --- Events: 22
Best profit: 1650.264
Best profit: 1662.752
Best profit: 1723.761
Best profit: 1637.824
Best profit: 1666.193
Trial profit: 1723.761 in 235.353 seconds. Horizon: 25.000 
[1 1 0 1 0 1 0 0 1 0 1 1 0 0 1 0 0 1 0 1 1 1; 1 0 1 0 1 0 1 0 0 0 1 0 1 0 0 0 1 0 0 1 0 0; 0 2 2 2 2 2 0 2 2 2 2 2 2 0 2 0 0 2 0 2 0 2; 3 0 3 0 3 3 3 3 3 3 0 3 3 3 3 0 3 3 3 3 3 3; 3 0 0 0 0 0 3 3 3 3 0 3 3 3 3 3 3 3 3 3 3 3]
[2.67277, 0.486822, 2.18806, 0.831066, 1.8406, 1.45443, 0.52977, 0.681348, 2.00405, 0.118167, 2.68094, 0.569625, 1.18012, 0.916922, 0.292803, 0.941874, 0.778504, 0.99287, 1.01447, 0.857718, 0.944067, 1.02302]
1723.760715459853

COUNTER = 62
Population: 12366 Generations: 119 instr_cr: 0.090 instr_mu: 0.720 delta: 0.887
Upper: 50.0000000 Mid: 37.5000000 Lower: 25.0000000 --- Events: 34
Best profit: 2556.590
Trial profit: 2556.590 in 292.753 seconds. Horizon: 37.500 
[1 1 0 0 1 0 0 1 1 1 0 1 0 1 1 0 1 0 0 0 1 0 1 0 1 1 0 0 0 1 0 1 1 1; 1 1 0 1 0 1 0 0 0 0 1 0 1 0 1 0 0 1 0 0 0 1 0 0 1 0 0 0 0 1 0 1 1 0; 2 2 0 2 2 2 0 0 0 2 2 2 2 2 2 0 2 0 0 2 2 0 0 2 2 0 0 2 0 2 0 2 0 2; 3 3 0 3 3 3 0 0 3 3 3 3 3 0 3 0 3 0 3 3 3 3 3 3 3 3 3 3 3 3 3 0 3 3; 0 0 3 3 3 0 0 0 0 0 3 3 0 3 3 3 3 0 3 0 3 0 3 3 3 3 0 0 3 3 3 3 3 3]
[3.15371, 1.29622, 1.26926, 0.852809, 2.46517, 0.198156, 0.112546, 0.72637, 0.356299, 1.93828, 1.3044, 2.02748, 0.655213, 2.66994, 0.967576, 1.79135, 0.529855, 0.628865, 1.06866, 1.47176, 0.149071, 0.443329, 1.12918, 1.75237, 0.27024, 0.259342, 0.8496, 0.821077, 1.0796, 1.93562, 0.324869, 0.884547, 1.0392, 1.07804]
2556.589854521254

Found. Horizon: 37.500
COUNTER = 63
Population: 10909 Generations: 112 instr_cr: 0.080 instr_mu: 0.640 delta: 0.900
Upper: 37.5000000 Mid: 31.2500000 Lower: 25.0000000 --- Events: 28
Best profit: 2140.134
Trial profit: 2140.134 in 331.147 seconds. Horizon: 31.250 
[0 1 0 1 0 0 1 0 0 0 1 0 1 1 1 0 1 0 1 0 0 1 0 0 1 0 1 1; 0 1 0 0 0 1 0 0 0 1 0 0 1 1 1 0 1 0 1 0 0 0 1 0 1 1 1 0; 0 0 0 2 2 2 2 0 0 2 2 0 2 2 2 2 2 2 2 0 2 0 2 0 2 0 0 2; 3 3 0 0 3 0 0 3 3 0 3 3 0 3 3 3 3 3 3 3 3 3 3 3 3 3 0 3; 3 3 0 3 0 3 3 3 0 3 3 3 3 3 3 3 3 3 3 0 3 3 3 0 3 0 3 3]
[9.36086e-5, 2.39943, 0.100591, 0.785168, 0.129176, 1.71652, 1.01485, 0.114668, 0.851323, 0.667976, 1.53707, 1.12825, 2.95679, 2.67511, 1.28436, 2.04732, 1.98533, 1.34598, 1.76559, 0.13057, 0.545342, 1.0478, 1.57569, 0.444746, 0.18757, 0.619822, 1.1159, 1.07699]
2140.133780980862

Found. Horizon: 31.250
COUNTER = 64
Population: 9624 Generations: 105 instr_cr: 0.070 instr_mu: 0.560 delta: 0.912
Upper: 31.2500000 Mid: 28.1250000 Lower: 25.0000000 --- Events: 25
Best profit: 1839.418
Best profit: 1877.160
Best profit: 1929.392
Best profit: 1886.034
Best profit: 1881.069
Trial profit: 1929.392 in 484.352 seconds. Horizon: 28.125 
[1 0 1 0 0 1 0 0 1 1 1 1 0 0 1 0 0 0 1 0 0 1 0 1 1; 1 0 0 1 0 0 0 1 0 1 1 0 1 0 0 1 0 0 0 1 0 1 0 1 1; 2 2 0 2 0 2 2 2 2 2 2 2 2 0 2 0 0 2 0 2 0 2 0 2 2; 0 0 3 3 0 0 0 0 0 0 3 3 0 3 0 3 3 3 0 3 3 0 3 3 3; 0 0 0 3 3 3 3 3 3 3 3 3 0 3 0 3 0 3 3 3 0 3 3 3 3]
[1.689, 0.975367, 0.675272, 1.31971, 0.669208, 0.0132645, 1.33299, 1.31477, 2.04037, 2.67715, 2.67341, 0.464193, 1.43161, 0.773745, 0.140643, 0.486428, 1.33909, 0.707704, 0.758041, 1.37265, 0.609484, 0.72876, 1.40181, 1.59793, 0.932412]
1929.3922072454518

COUNTER = 65
Population: 8490 Generations: 100 instr_cr: 0.060 instr_mu: 0.480 delta: 0.925
Upper: 31.2500000 Mid: 29.6875000 Lower: 28.1250000 --- Events: 26
Best profit: 1988.232
Best profit: 1993.633
Best profit: 1995.130
Best profit: 2028.571
Trial profit: 2028.571 in 594.374 seconds. Horizon: 29.688 
[1 1 1 0 1 0 1 0 0 1 0 1 1 0 0 1 0 1 0 1 0 1 1 0 1 0; 1 0 1 1 0 0 0 1 0 0 1 0 1 0 0 1 0 1 0 1 0 1 1 1 1 0; 0 2 2 2 0 2 2 2 0 2 0 2 2 2 0 0 2 2 0 2 0 2 0 0 2 2; 0 3 3 3 3 3 3 3 3 3 3 3 3 3 0 0 3 3 3 0 3 3 3 3 3 3; 0 0 3 0 0 0 0 3 3 0 0 3 3 3 3 3 3 3 3 3 3 3 3 3 3 3]
[0.202442, 2.83204, 2.53504, 0.139169, 1.44842, 1.21746, 0.52736, 0.134532, 1.9472, 1.42838, 1.08734, 2.49853, 1.89011, 0.0269345, 0.863441, 0.611051, 2.06076, 1.69987, 0.952913, 0.854914, 1.69542, 0.29739, 1.2298, 0.419487, 1.08723, 0.000263836]
2028.5709858180699

Found. Horizon: 29.688
COUNTER = 66
Population: 7490 Generations: 95 instr_cr: 0.050 instr_mu: 0.400 delta: 0.937
Upper: 29.6875000 Mid: 28.9062500 Lower: 28.1250000 --- Events: 25
Best profit: 1960.624
Best profit: 1915.754
Best profit: 1928.109
Best profit: 1882.933
Best profit: 1931.795
Trial profit: 1960.624 in 697.320 seconds. Horizon: 28.906 
[1 0 1 1 0 1 1 1 0 0 1 0 1 1 0 1 0 0 1 1 0 1 0 1 0; 1 0 0 0 0 1 0 1 0 0 1 0 1 0 1 0 0 1 0 1 0 1 0 1 1; 0 0 0 0 0 0 2 2 2 0 2 2 2 2 2 2 0 0 2 2 0 2 0 2 2; 3 3 3 0 0 3 3 3 0 3 0 0 0 0 0 3 3 3 0 3 3 3 3 3 3; 3 0 3 0 3 3 3 0 3 3 0 3 3 3 0 3 3 3 0 3 3 3 3 3 3]
[0.0621936, 0.0333017, 0.119595, 0.590133, 2.12136, 0.11636, 2.94109, 0.303526, 1.1091, 1.26141, 0.480705, 2.19447, 2.66839, 0.66539, 2.0032, 0.780139, 0.541934, 0.987876, 2.22356, 1.90122, 0.671777, 0.92907, 1.3684, 1.80316, 1.02889]
1960.6244971647645

COUNTER = 67
Population: 6608 Generations: 90 instr_cr: 0.040 instr_mu: 0.320 delta: 0.950
Upper: 29.6875000 Mid: 29.2968750 Lower: 28.9062500 --- Events: 26
Best profit: 1950.000
Best profit: 1947.513
Best profit: 1991.709
Best profit: 2001.266
Trial profit: 2001.266 in 769.292 seconds. Horizon: 29.297 
[1 1 0 0 1 0 1 0 1 0 1 1 0 0 0 1 0 0 0 1 0 1 0 1 0 1; 1 0 0 1 0 1 0 1 0 1 0 1 0 0 0 0 1 0 0 0 1 0 0 1 1 1; 2 2 0 2 2 2 0 2 2 2 2 2 0 0 0 2 2 0 0 2 2 0 2 2 0 2; 3 0 3 0 3 3 0 3 3 3 3 3 0 3 3 3 3 3 0 0 3 3 3 3 3 3; 0 3 3 0 0 3 0 3 3 0 0 3 3 0 0 3 3 3 3 0 3 3 0 3 0 3]
[2.63104, 0.224709, 0.98364, 1.44088, 1.89796, 0.764675, 1.36877, 1.29851, 2.06322, 0.360998, 2.66876, 0.936162, 0.179005, 0.178547, 1.37882, 0.573556, 1.28479, 0.215982, 0.504558, 1.64945, 1.58226, 0.166088, 1.83257, 0.383185, 1.61847, 1.11026]
2001.2663527941488

Found. Horizon: 29.297
COUNTER = 68
Population: 5830 Generations: 86 instr_cr: 0.030 instr_mu: 0.240 delta: 0.962
Upper: 29.2968750 Mid: 29.1015625 Lower: 28.9062500 --- Events: 25
Best profit: 1953.011
Best profit: 1903.274
Best profit: 2008.346
Trial profit: 2008.346 in 813.094 seconds. Horizon: 29.102 
[1 0 1 0 1 0 1 1 0 1 0 1 0 1 0 1 0 1 0 0 1 1 1 0 0; 0 1 0 1 0 1 0 0 1 0 1 0 0 0 1 0 1 0 1 0 0 1 1 1 0; 2 2 0 2 2 2 0 2 2 2 2 2 0 2 2 2 2 2 0 2 2 2 0 0 2; 0 3 3 0 3 3 3 0 3 3 3 3 0 3 0 3 3 3 3 3 3 3 0 3 3; 3 0 0 0 0 0 0 0 3 3 3 3 3 3 0 3 3 3 3 3 3 3 3 0 3]
[0.0135586, 2.4283, 0.898985, 1.78318, 1.54222, 1.62865, 0.380902, 1.31551, 1.43505, 1.99984, 0.432168, 0.516471, 1.80797, 0.585528, 2.0608, 1.26646, 1.81674, 1.5141, 0.578741, 0.114598, 2.03168, 0.698388, 0.819897, 0.365019, 1.0668]
2008.3464020052031

Found. Horizon: 29.102
COUNTER = 69
Population: 5143 Generations: 83 instr_cr: 0.020 instr_mu: 0.160 delta: 0.975
Upper: 29.1015625 Mid: 29.0039063 Lower: 28.9062500 --- Events: 25
Best profit: 1864.970
