Upper bound: 50.000

COUNTER = 0
Population: 500 Generations: 60 instr_cr: 0.100 instr_mu: 0.800 delta: 0.125
Upper: 50.0000000 Mid: 25.0000000 Lower: 0.0000000 --- Events: 22
Best profit: 1566.329
Best profit: 1639.993
Best profit: 1566.132
Best profit: 1600.000
Best profit: 1515.353
Trial profit: 1639.993 in 3.945 seconds. Horizon: 25.000 
[1 0 1 0 0 0 1 0 0 0 1 1 0 1 0 0 1 0 1 1 0 0; 1 0 0 1 0 0 0 0 1 0 1 1 0 0 1 0 0 0 1 1 0 1; 0 2 2 2 2 0 2 0 2 0 2 2 2 0 2 0 2 0 2 2 0 2; 3 0 3 0 3 0 3 3 3 3 3 3 3 3 3 3 3 0 3 3 3 3; 3 0 3 3 3 3 0 0 0 0 0 3 3 3 0 0 3 0 3 3 3 3]
[1.60926, 1.07844, 0.447151, 0.626781, 0.802824, 1.4253, 0.132662, 0.0256213, 0.386828, 2.29701, 3.09693, 1.47011, 1.19333, 0.666803, 0.55925, 1.45535, 0.666618, 1.33332, 2.63984, 1.71061, 0.268453, 1.10753]
1639.9933321959495

COUNTER = 1
Population: 536 Generations: 60 instr_cr: 0.090 instr_mu: 0.720 delta: 0.138
Upper: 50.0000000 Mid: 37.5000000 Lower: 25.0000000 --- Events: 34
Best profit: 2527.443
Trial profit: 2527.443 in 5.191 seconds. Horizon: 37.500 
[1 0 1 0 0 1 0 1 0 0 0 1 1 0 0 1 1 1 0 1 0 1 0 1 0 1 0 0 1 0 1 0 0 1; 1 0 0 1 0 0 1 0 0 0 0 1 1 0 0 1 1 0 1 0 0 1 0 1 0 1 0 0 1 0 1 1 1 1; 2 2 2 2 0 2 2 2 2 2 2 2 2 0 2 2 2 0 2 0 2 2 0 2 2 2 0 2 2 2 2 0 0 2; 0 0 3 0 3 3 3 3 3 0 3 3 3 3 3 0 3 0 0 0 3 3 3 0 3 3 3 0 3 3 3 0 3 3; 0 3 0 3 0 0 3 3 3 0 3 3 3 3 3 3 3 3 3 3 3 3 3 3 3 3 3 0 0 3 3 0 3 3]
[0.76075, 1.90652, 0.894083, 1.41272, 0.387662, 1.98008, 0.116799, 0.534091, 0.173865, 0.142787, 2.32562, 2.69146, 1.82756, 0.199732, 1.14297, 3.36071, 0.0212348, 0.0661051, 0.120763, 1.30659, 1.96285, 1.81027, 0.749465, 1.51396, 1.86902, 1.63351, 0.504827, 0.389427, 2.13656, 0.357067, 0.750327, 0.037775, 1.2099, 1.20293]
2527.443399093145

Found. Horizon: 37.500
COUNTER = 2
Population: 575 Generations: 60 instr_cr: 0.080 instr_mu: 0.640 delta: 0.150
Upper: 37.5000000 Mid: 31.2500000 Lower: 25.0000000 --- Events: 28
